     beta1    lambda1      beta2    lambda2     gamma1         K1         h1     gamma2         K2         h2
    1.2192    -1.6668     2.0095    -1.5118   -12.2807     0.9379     0.0415   -16.9410     2.1998     0.3864
    1.0442    -1.6658     1.9628    -1.6074    -0.9985     0.7091     0.2726   -12.0230     2.1370     0.3337
    1.0610    -1.6564     1.9595    -1.6370    -0.9853     0.7343     0.2899   -16.9293     2.0877     0.3040
    1.0441    -1.6672     1.9657    -1.6000    -1.0007     0.7110     0.2652   -20.4537     2.1463     0.3443
    1.0488    -1.6609     1.9709    -1.5982    -0.9998     0.7108     0.2743   -19.4379     2.1374     0.3354
    1.0516    -1.6679     1.9731    -1.5919    -1.0153     0.7222     0.2612   -13.7088     2.1457     0.3408
    1.0861    -1.6386     1.9647    -1.6206    -1.0080     0.7425     0.2791   -13.1389     2.1020     0.3143
    1.0597    -1.6597     1.9652    -1.6038    -1.0167     0.7255     0.2635   -13.0752     2.1356     0.3334
    1.0581    -1.6539     1.9597    -1.6164    -0.9949     0.7206     0.2761   -11.3454     2.1242     0.3278
    1.0519    -1.6636     1.9682    -1.6000    -1.0126     0.7190     0.2667   -16.9415     2.1360     0.3352
    1.0557    -1.6582     1.9725    -1.5928    -1.0095     0.7177     0.2632   -11.9480     2.1437     0.3419
    1.0482    -1.6589     1.9631    -1.6101    -0.9862     0.7099     0.2784   -16.9439     2.1332     0.3337
    1.0503    -1.6539     1.9724    -1.5936    -0.9989     0.7063     0.2680   -14.1107     2.1435     0.3388
    1.0507    -1.6633     1.9744    -1.5922    -1.0062     0.7182     0.2693   -19.9816     2.1400     0.3410
    1.0615    -1.6629     1.9711    -1.5949    -1.0279     0.7319     0.2600   -14.6449     2.1367     0.3388
    1.0618    -1.6555     1.9633    -1.6080    -1.0098     0.7250     0.2687   -13.1431     2.1308     0.3318
    1.0881    -1.6368     1.9675    -1.6160    -1.0074     0.7424     0.2774   -16.8571     2.1057     0.3174
    1.1957    -1.6676     2.0129    -1.5051   -10.3397     0.8968     0.0537   -11.5267     2.2070     0.4002
    1.0486    -1.6657     1.9725    -1.5928    -1.0067     0.7182     0.2666   -16.8835     2.1431     0.3434
    1.0423    -1.6688     1.9703    -1.5966    -0.9982     0.7108     0.2717   -10.6469     2.1438     0.3411
    1.0502    -1.6692     1.9665    -1.6060    -1.0102     0.7279     0.2725   -16.9754     2.1267     0.3306
    1.0463    -1.6649     1.9685    -1.6015    -0.9984     0.7112     0.2705   -11.5002     2.1381     0.3354
    1.2165    -1.6246     2.0094    -1.5104   -13.4233     0.8610     0.0609   -10.6442     2.2048     0.3860
    1.0575    -1.6587     1.9799    -1.5721    -1.0303     0.7175     0.2417   -16.9449     2.1681     0.3691
    1.0467    -1.6753     1.9453    -1.6224    -1.0148     0.7316     0.2613   -12.9756     2.1369     0.3414
    1.0531    -1.6696     1.9785    -1.5793    -1.0320     0.7258     0.2486   -15.5259     2.1559     0.3535
    1.0570    -1.6598     1.9679    -1.6022    -1.0054     0.7238     0.2682   -14.3513     2.1348     0.3358
    1.0526    -1.6678     1.9773    -1.5806    -1.0313     0.7209     0.2508   -16.8073     2.1556     0.3525
    1.0496    -1.6640     1.9630    -1.5969    -1.0241     0.7165     0.2581   -18.7459     2.1493     0.3474
    1.0567    -1.6592     1.9688    -1.5996    -1.0100     0.7228     0.2670   -16.9545     2.1350     0.3374
    1.0626    -1.6598     1.9591    -1.6108    -1.0198     0.7313     0.2647   -12.3341     2.1301     0.3343
    1.0765    -1.6458     1.9646    -1.6227    -0.9992     0.7378     0.2836   -13.1862     2.1008     0.3136
    1.0482    -1.6663     1.9755    -1.5889    -1.0107     0.7144     0.2650   -16.9233     2.1457     0.3428
    1.0457    -1.6600     1.9650    -1.6074    -0.9821     0.7065     0.2768   -13.6804     2.1369     0.3357
    1.0540    -1.6571     1.9597    -1.6122    -1.0016     0.7167     0.2747   -16.9848     2.1306     0.3310
    1.0502    -1.6619     1.9722    -1.5901    -1.0124     0.7141     0.2617   -16.9667     2.1492     0.3457
    1.0725    -1.6529     1.9735    -1.5943    -1.0288     0.7360     0.2599   -16.9077     2.1329     0.3349
    1.0467    -1.6784     1.9795    -1.5790    -1.0344     0.7308     0.2502   -16.9997     2.1517     0.3528
    1.0467    -1.6638     1.9697    -1.5927    -0.9996     0.7084     0.2625   -11.3646     2.1550     0.3516
    1.0566    -1.6591     1.9688    -1.6000    -1.0083     0.7203     0.2678   -16.2355     2.1370     0.3358
    1.0677    -1.6546     1.9623    -1.6241    -1.0073     0.7363     0.2846   -13.5215     2.0988     0.3106
    1.0610    -1.6582     1.9654    -1.6078    -1.0109     0.7272     0.2717   -16.9424     2.1256     0.3284
    1.0506    -1.6605     1.9656    -1.6029    -0.9972     0.7121     0.2696   -16.9389     2.1413     0.3387
    1.0720    -1.6513     1.9699    -1.5998    -1.0190     0.7344     0.2627   -14.6763     2.1314     0.3358
    1.0608    -1.6610     1.9834    -1.5723    -1.0446     0.7323     0.2446   -16.9835     2.1525     0.3552
    1.0476    -1.6618     1.9684    -1.5972    -1.0043     0.7040     0.2646   -16.9416     2.1473     0.3404
    1.2240    -1.6283     2.0125    -1.5080   -18.6383     0.8804     0.0500   -16.6783     2.2091     0.3955
    1.0620    -1.6561     1.9753    -1.5888    -1.0165     0.7224     0.2606   -16.9571     2.1451     0.3441
    1.0585    -1.6619     1.9701    -1.5999    -1.0149     0.7275     0.2664   -18.2422     2.1326     0.3337
    1.0505    -1.6619     1.9678    -1.6016    -1.0016     0.7149     0.2717   -16.7739     2.1365     0.3356
    1.0650    -1.6566     1.9691    -1.6025    -1.0156     0.7325     0.2666   -19.2682     2.1278     0.3313
    1.0490    -1.6600     1.9605    -1.6087    -0.9939     0.7101     0.2712   -16.7327     2.1396     0.3389
    1.0620    -1.6570     1.9742    -1.5933    -1.0202     0.7264     0.2629   -11.1781     2.1362     0.3342
    1.0582    -1.6584     1.9566    -1.6153    -1.0042     0.7256     0.2684   -16.7900     2.1312     0.3347
    1.2992    -1.5982     2.0145    -1.5058   -18.5109     0.9650     0.0444   -20.6979     2.1969     0.3746
    1.1684    -1.6560     1.9900    -1.5283   -12.1743     0.8247     0.0897   -15.1472     2.1987     0.3696
    1.0460    -1.6583     1.9708    -1.5979    -0.9913     0.7015     0.2749   -16.9723     2.1421     0.3355
    1.0571    -1.6585     1.9655    -1.6035    -1.0098     0.7211     0.2671   -14.3994     2.1363     0.3344
    1.0665    -1.6552     1.9625    -1.6218    -1.0055     0.7342     0.2817   -16.9666     2.1049     0.3128
    1.2876    -1.5914     2.0093    -1.5119   -10.7397     0.9468     0.0167   -27.0116     2.2148     0.4164
    1.2256    -1.6362     2.0045    -1.5151   -10.0350     0.8986     0.0506   -16.9341     2.2077     0.3901
    1.0745    -1.6529     1.9702    -1.6038    -1.0250     0.7425     0.2654   -16.9431     2.1201     0.3268
    1.0536    -1.6650     1.9649    -1.6106    -1.0063     0.7272     0.2750   -16.7279     2.1226     0.3262
    1.0534    -1.6682     1.9680    -1.6042    -1.0115     0.7285     0.2712   -16.9656     2.1284     0.3308
    1.0500    -1.6637     1.9602    -1.6112    -0.9972     0.7170     0.2719   -11.4546     2.1349     0.3359
    1.2347    -1.6719     2.0178    -1.5011   -14.2014     0.9865     0.0194   -16.6973     2.2116     0.4159
    1.0446    -1.6625     1.9688    -1.5978    -0.9967     0.7039     0.2689   -16.9669     2.1458     0.3400
    1.0824    -1.6490     1.9638    -1.6270    -1.0097     0.7456     0.2852   -12.2275     2.0940     0.3067
    1.0702    -1.6521     1.9735    -1.5959    -1.0203     0.7316     0.2655   -12.6710     2.1312     0.3341
    1.0567    -1.6603     1.9711    -1.5979    -1.0109     0.7227     0.2666   -11.4106     2.1356     0.3357
    1.0567    -1.6647     1.9748    -1.5898    -1.0253     0.7289     0.2594   -16.8760     2.1409     0.3401
    1.0726    -1.6464     1.9631    -1.6241    -0.9966     0.7330     0.2870   -16.9638     2.1008     0.3128
    1.0609    -1.6595     1.9642    -1.6194    -1.0003     0.7337     0.2789   -16.8485     2.1083     0.3172
    1.0561    -1.6598     1.9792    -1.5786    -1.0243     0.7150     0.2542   -16.9457     2.1585     0.3512
    1.0759    -1.6524     1.9751    -1.5945    -1.0306     0.7421     0.2634   -16.9998     2.1265     0.3329
    1.0547    -1.6622     1.9697    -1.6005    -1.0119     0.7240     0.2686   -11.9473     2.1318     0.3321
    1.0675    -1.6566     1.9737    -1.5966    -1.0235     0.7353     0.2664   -11.6541     2.1271     0.3315
    1.0597    -1.6533     1.9626    -1.6198    -0.9891     0.7216     0.2816   -14.4006     2.1152     0.3192
    1.0647    -1.6596     1.9785    -1.5802    -1.0395     0.7324     0.2466   -16.9069     2.1519     0.3495
    1.0526    -1.6632     1.9739    -1.5894    -1.0153     0.7200     0.2625   -16.9758     2.1447     0.3447
    1.0584    -1.6583     1.9720    -1.5976    -1.0097     0.7242     0.2689   -14.8137     2.1331     0.3348
    1.2253    -1.6604     2.0046    -1.5153   -10.2385     0.9365     0.0505   -11.8172     2.1986     0.3900
    1.0797    -1.6474     1.9634    -1.6279    -1.0071     0.7468     0.2826   -13.2845     2.0913     0.3062
    1.2197    -1.6559     2.0172    -1.5014   -11.9650     0.9167     0.0500   -16.9483     2.2060     0.3899
    1.0532    -1.6684     1.9732    -1.5873    -1.0256     0.7250     0.2532   -13.0114     2.1520     0.3493
    1.0468    -1.6715     1.9694    -1.5963    -1.0154     0.7241     0.2662   -16.9657     2.1393     0.3413
    1.0572    -1.6620     1.9734    -1.5891    -1.0227     0.7250     0.2594   -16.7159     2.1451     0.3457
    1.0578    -1.6506     1.9671    -1.6063    -0.9959     0.7168     0.2745   -12.0244     2.1274     0.3300
    1.0624    -1.6597     1.9846    -1.5701    -1.0426     0.7252     0.2461   -16.3389     2.1587     0.3573
    1.0628    -1.6586     1.9688    -1.6066    -1.0161     0.7322     0.2738   -11.7814     2.1194     0.3223
    1.0593    -1.6594     1.9654    -1.5999    -1.0145     0.7242     0.2612   -16.6716     2.1424     0.3429
    1.0720    -1.6578     1.9737    -1.5936    -1.0368     0.7438     0.2574   -14.4434     2.1311     0.3351
    1.0492    -1.6672     1.9594    -1.6014    -1.0215     0.7159     0.2605   -15.6252     2.1511     0.3461
    1.0621    -1.6525     1.9650    -1.6087    -1.0007     0.7216     0.2715   -13.4951     2.1284     0.3301
    1.2395    -1.6421     2.0079    -1.5122   -15.0341     0.9370     0.0396   -11.1125     2.2053     0.3917
    1.0519    -1.6673     1.9690    -1.5957    -1.0163     0.7241     0.2628   -16.9697     2.1427     0.3434
    1.2007    -1.6555     1.9979    -1.5218   -29.3571     0.8851     0.0601   -19.3925     2.2025     0.3804
    1.2837    -1.6269     2.0074    -1.5129   -19.2324     0.9981     0.0139   -18.1864     2.2121     0.4118
    1.0599    -1.6541     1.9705    -1.5942    -1.0137     0.7190     0.2642   -12.4932     2.1427     0.3418
    1.0680    -1.6525     1.9624    -1.6231    -1.0071     0.7364     0.2814   -12.0088     2.1004     0.3109
    1.0526    -1.6587     1.9677    -1.6040    -0.9967     0.7169     0.2757   -16.2200     2.1315     0.3351
    1.0508    -1.6662     1.9676    -1.5962    -1.0118     0.7190     0.2619   -16.9547     2.1469     0.3467
    1.0606    -1.6608     1.9653    -1.6112    -1.0114     0.7326     0.2740   -16.4052     2.1185     0.3245
    1.2485    -1.6653     2.0126    -1.5076   -11.5371     0.9954     0.0251   -16.9468     2.2039     0.4022
    1.0394    -1.6705     1.9655    -1.6041    -0.9979     0.7096     0.2774   -16.9705     2.1365     0.3352
    1.0746    -1.6464     1.9647    -1.6233    -0.9980     0.7365     0.2837   -11.8297     2.1001     0.3116
    1.0485    -1.6642     1.9671    -1.6012    -1.0025     0.7166     0.2680   -15.0946     2.1389     0.3386
    1.0617    -1.6569     1.9709    -1.5962    -1.0153     0.7245     0.2621   -16.9675     2.1394     0.3378
    1.0539    -1.6626     1.9700    -1.6014    -1.0029     0.7229     0.2692   -15.6021     2.1325     0.3347
    1.0496    -1.6609     1.9733    -1.5874    -1.0072     0.7083     0.2641   -14.4321     2.1542     0.3515
    1.0503    -1.6622     1.9692    -1.5950    -1.0055     0.7142     0.2639   -16.9465     2.1483     0.3449
    1.0532    -1.6626     1.9758    -1.5874    -1.0182     0.7179     0.2632   -14.8281     2.1450     0.3423
    1.0568    -1.6631     1.9674    -1.6039    -1.0107     0.7254     0.2686   -11.9316     2.1312     0.3324
    1.0585    -1.6609     1.9735    -1.5894    -1.0189     0.7247     0.2584   -16.8389     2.1462     0.3470
    1.0739    -1.6557     1.9726    -1.5951    -1.0308     0.7427     0.2593   -16.9146     2.1321     0.3376
    1.0835    -1.6438     1.9699    -1.6039    -1.0254     0.7433     0.2630   -18.1232     2.1216     0.3267
    1.0560    -1.6592     1.9698    -1.5989    -1.0080     0.7202     0.2690   -15.6519     2.1369     0.3359
    1.1820    -1.6713     2.0042    -1.5160    -9.8464     0.8766     0.0815   -16.9038     2.1841     0.3594
    1.0510    -1.6642     1.9702    -1.6001    -1.0087     0.7194     0.2707   -11.9695     2.1321     0.3320
    1.0480    -1.6691     1.9621    -1.6095    -1.0069     0.7240     0.2706   -16.8885     2.1301     0.3330
    1.0614    -1.6558     1.9729    -1.5939    -1.0111     0.7242     0.2642   -16.8712     2.1392     0.3404
    1.0514    -1.6589     1.9650    -1.6040    -1.0022     0.7132     0.2715   -11.9695     2.1365     0.3359
    1.0515    -1.6634     1.9759    -1.5836    -1.0154     0.7138     0.2578   -14.3890     2.1557     0.3519
    1.0659    -1.6583     1.9752    -1.5909    -1.0283     0.7333     0.2616   -17.6327     2.1358     0.3376
    1.0447    -1.6635     1.9644    -1.6076    -0.9921     0.7099     0.2771   -14.8897     2.1335     0.3336
    1.0449    -1.6678     1.9593    -1.6068    -1.0042     0.7126     0.2662   -16.8856     2.1436     0.3425
    1.0529    -1.6687     1.9721    -1.5898    -1.0250     0.7276     0.2546   -11.8374     2.1478     0.3472
    1.0591    -1.6597     1.9677    -1.6056    -1.0090     0.7270     0.2720   -13.7484     2.1265     0.3295
    1.0519    -1.6676     1.9691    -1.5969    -1.0178     0.7240     0.2633   -16.9993     2.1398     0.3391
    1.0466    -1.6671     1.9703    -1.5975    -1.0032     0.7166     0.2697   -11.8115     2.1401     0.3403
    1.0477    -1.6784     1.9652    -1.6026    -1.0298     0.7327     0.2632   -16.9067     2.1337     0.3326
    1.0703    -1.6577     1.9718    -1.5949    -1.0314     0.7374     0.2588   -13.9610     2.1351     0.3373
    1.0525    -1.6612     1.9770    -1.5848    -1.0131     0.7150     0.2623   -12.6743     2.1498     0.3479
    1.0787    -1.6434     1.9635    -1.6199    -1.0030     0.7382     0.2797   -20.1454     2.1061     0.3188
    1.1901    -1.6680     2.0053    -1.5141    -9.9755     0.8880     0.0627   -16.8445     2.1997     0.3872
    1.0514    -1.6628     1.9770    -1.5839    -1.0178     0.7160     0.2588   -13.1690     2.1502     0.3481
    1.0499    -1.6609     1.9631    -1.6077    -0.9947     0.7145     0.2729   -14.0311     2.1360     0.3359
    1.0647    -1.6522     1.9597    -1.6340    -0.9852     0.7297     0.2912   -16.9773     2.0953     0.3051
    1.0444    -1.6686     1.9760    -1.5876    -1.0103     0.7119     0.2680   -16.8524     2.1471     0.3430
    1.0568    -1.6610     1.9699    -1.5999    -1.0098     0.7264     0.2674   -16.9350     2.1327     0.3357
    1.2315    -1.6395     2.0206    -1.4993   -13.7672     0.9136     0.0586   -11.1286     2.1978     0.3812
    1.0490    -1.6634     1.9642    -1.6037    -1.0037     0.7129     0.2730   -16.6634     2.1403     0.3372
    1.2230    -1.6317     2.0033    -1.5160   -11.5470     0.8835     0.0783   -16.9565     2.1881     0.3652
    1.0491    -1.6648     1.9722    -1.5942    -1.0028     0.7156     0.2672   -12.4840     2.1432     0.3422
    1.0551    -1.6607     1.9699    -1.5974    -1.0105     0.7201     0.2666   -11.9000     2.1383     0.3386
    1.0585    -1.6605     1.9653    -1.6112    -1.0068     0.7296     0.2746   -16.4310     2.1193     0.3254
    1.0693    -1.6555     1.9705    -1.6042    -1.0209     0.7379     0.2682   -17.2848     2.1206     0.3242
    1.0478    -1.6698     1.9681    -1.5981    -1.0143     0.7203     0.2639   -16.8145     2.1413     0.3385
    1.0573    -1.6650     1.9724    -1.5971    -1.0201     0.7304     0.2681   -16.9309     2.1306     0.3331
    1.0508    -1.6686     1.9693    -1.5987    -1.0167     0.7256     0.2667   -13.9411     2.1355     0.3343
    1.0737    -1.6558     1.9660    -1.6067    -1.0298     0.7430     0.2657   -16.9491     2.1214     0.3271
    1.0691    -1.6603     1.9702    -1.6015    -1.0278     0.7421     0.2658   -12.7521     2.1241     0.3299
    1.0578    -1.6605     1.9752    -1.5873    -1.0200     0.7219     0.2566   -16.9183     2.1486     0.3449
    1.0566    -1.6641     1.9764    -1.5835    -1.0274     0.7245     0.2524   -12.5044     2.1520     0.3493
    1.0606    -1.6552     1.9617    -1.6096    -1.0030     0.7243     0.2676   -13.0098     2.1329     0.3355
    1.0646    -1.6552     1.9695    -1.5949    -1.0221     0.7267     0.2585   -16.9338     2.1427     0.3420
    1.0580    -1.6626     1.9827    -1.5704    -1.0418     0.7213     0.2435   -13.3283     2.1639     0.3603
    1.2375    -1.6194     2.0101    -1.5098    -8.4406     0.8924     0.0644   -14.5178     2.1971     0.3729
    1.0480    -1.6680     1.9748    -1.5913    -1.0119     0.7206     0.2675   -16.8659     2.1393     0.3408
    1.0470    -1.6672     1.9647    -1.6033    -1.0000     0.7181     0.2683   -16.9485     2.1402     0.3406
    1.0587    -1.6558     1.9727    -1.5952    -1.0098     0.7186     0.2666   -16.9510     2.1386     0.3358
    1.0522    -1.6654     1.9602    -1.6165    -1.0033     0.7252     0.2778   -12.9104     2.1212     0.3244
    1.0775    -1.6488     1.9700    -1.6009    -1.0251     0.7405     0.2633   -16.9993     2.1262     0.3321
    1.2498    -1.6246     2.0086    -1.5116   -11.8386     0.9210     0.0513   -16.9376     2.2011     0.3775
    1.0561    -1.6578     1.9742    -1.5924    -1.0032     0.7175     0.2646   -16.9111     2.1432     0.3423
    1.0513    -1.6559     1.9683    -1.6046    -0.9949     0.7081     0.2768   -10.8518     2.1323     0.3270
    1.0520    -1.6694     1.9812    -1.5780    -1.0316     0.7258     0.2540   -12.0056     2.1498     0.3499
    1.0631    -1.6630     1.9664    -1.5995    -1.0331     0.7347     0.2592   -18.5659     2.1353     0.3382
    1.5839    -1.6709     2.1074    -1.4124   -19.0077     1.6258    -0.0788    -1.3707     2.1928     0.4771
    1.0655    -1.6580     1.9572    -1.6205    -1.0098     0.7379     0.2717   -16.9053     2.1170     0.3253
    1.0498    -1.6622     1.9684    -1.5978    -1.0053     0.7108     0.2691   -16.9564     2.1444     0.3384
    1.0431    -1.6707     1.9662    -1.6002    -1.0106     0.7127     0.2650   -11.7016     2.1410     0.3394
    1.0549    -1.6590     1.9736    -1.5916    -1.0098     0.7173     0.2662   -16.8712     2.1428     0.3414
    1.0511    -1.6620     1.9675    -1.6003    -0.9994     0.7135     0.2688   -16.9616     2.1435     0.3391
    1.0467    -1.6698     1.9765    -1.5900    -1.0092     0.7211     0.2683   -16.8232     2.1396     0.3414
    1.0629    -1.6574     1.9618    -1.6119    -1.0079     0.7287     0.2715   -11.4369     2.1271     0.3300
    1.0487    -1.6707     1.9719    -1.5952    -1.0163     0.7246     0.2670   -16.9232     2.1373     0.3366
    1.0521    -1.6583     1.9615    -1.6106    -0.9911     0.7149     0.2739   -16.9481     2.1345     0.3360
    1.0459    -1.6598     1.9670    -1.5973    -1.0034     0.6965     0.2655   -19.7684     2.1484     0.3427
    1.0492    -1.6617     1.9708    -1.5911    -1.0046     0.7092     0.2620   -16.8898     2.1532     0.3500
    1.0557    -1.6607     1.9647    -1.6024    -1.0118     0.7217     0.2643   -16.9911     2.1389     0.3395
    1.0584    -1.6625     1.9666    -1.6015    -1.0185     0.7284     0.2653   -13.2474     2.1349     0.3362
    1.0798    -1.6415     1.9636    -1.6283    -0.9904     0.7358     0.2889   -13.3870     2.0960     0.3104
    1.0549    -1.6640     1.9713    -1.5935    -1.0186     0.7256     0.2619   -12.2332     2.1416     0.3422
    1.0484    -1.6682     1.9702    -1.5945    -1.0095     0.7205     0.2616   -19.8570     2.1459     0.3449
    1.0476    -1.6635     1.9700    -1.5989    -0.9972     0.7130     0.2721   -11.3641     2.1395     0.3378
    1.2271    -1.6548     2.0095    -1.5102   -11.1194     0.9325     0.0516   -16.7568     2.1980     0.3845
    1.0806    -1.6479     1.9597    -1.6279    -1.0025     0.7440     0.2812   -12.2689     2.1021     0.3143
    1.0472    -1.6694     1.9796    -1.5787    -1.0212     0.7166     0.2571   -11.9969     2.1557     0.3532
    1.0926    -1.6373     1.9671    -1.6182    -1.0113     0.7444     0.2806   -12.8881     2.1033     0.3142
    1.0751    -1.6487     1.9635    -1.6210    -1.0100     0.7400     0.2790   -13.1249     2.1021     0.3135
    1.0543    -1.6727     1.9796    -1.5764    -1.0463     0.7337     0.2438   -16.9667     2.1558     0.3555
    1.0655    -1.6564     1.9826    -1.5719    -1.0397     0.7256     0.2442   -16.9279     2.1608     0.3590
    1.0493    -1.6584     1.9681    -1.5931    -1.0015     0.7039     0.2641   -11.6983     2.1560     0.3516
    1.0556    -1.6673     1.9724    -1.5955    -1.0209     0.7320     0.2638   -16.4843     2.1337     0.3367
    1.0676    -1.6553     1.9659    -1.6138    -1.0122     0.7380     0.2720   -16.9044     2.1126     0.3186
    1.0558    -1.6617     1.9738    -1.5903    -1.0126     0.7191     0.2607   -13.8643     2.1476     0.3441
    1.0815    -1.6457     1.9733    -1.5969    -1.0269     0.7416     0.2615   -16.9358     2.1279     0.3325
    1.0569    -1.6607     1.9696    -1.5993    -1.0099     0.7228     0.2662   -15.0067     2.1370     0.3360
    1.0855    -1.6426     1.9648    -1.6205    -1.0158     0.7445     0.2795   -16.9373     2.0998     0.3115
    1.0506    -1.6566     1.9652    -1.6036    -0.9988     0.7077     0.2703   -16.9244     2.1400     0.3346
    1.0503    -1.6675     1.9751    -1.5899    -1.0179     0.7195     0.2636   -16.6795     2.1424     0.3391
    1.0585    -1.6605     1.9683    -1.6040    -1.0137     0.7252     0.2676   -16.9084     2.1279     0.3287
    1.0516    -1.6677     1.9729    -1.5930    -1.0135     0.7240     0.2650   -16.9543     2.1412     0.3414
    1.0548    -1.6616     1.9724    -1.5926    -1.0151     0.7194     0.2642   -18.7457     2.1426     0.3409
    1.0717    -1.6546     1.9708    -1.6005    -1.0259     0.7380     0.2662   -11.2826     2.1253     0.3295
    1.0556    -1.6560     1.9675    -1.6010    -1.0035     0.7147     0.2675   -16.7723     2.1391     0.3360
    1.0532    -1.6721     1.9749    -1.5825    -1.0378     0.7296     0.2475   -12.7976     2.1553     0.3536
    1.0516    -1.6640     1.9732    -1.5880    -1.0154     0.7174     0.2581   -17.4024     2.1508     0.3495
    1.0633    -1.6587     1.9745    -1.5926    -1.0247     0.7302     0.2641   -14.2780     2.1343     0.3359
    1.0571    -1.6639     1.9683    -1.6012    -1.0162     0.7291     0.2673   -16.9521     2.1321     0.3349
    1.0582    -1.6634     1.9682    -1.6040    -1.0145     0.7312     0.2695   -13.0040     2.1264     0.3304
    1.0449    -1.6682     1.9719    -1.5906    -1.0139     0.7115     0.2608   -16.9907     2.1487     0.3463
    1.0656    -1.6568     1.9676    -1.6076    -1.0135     0.7336     0.2710   -16.9497     2.1213     0.3259
    1.2128    -1.6472     2.0113    -1.5081   -10.2369     0.8876     0.0846   -26.9624     2.1812     0.3574
    1.0474    -1.6639     1.9755    -1.5886    -1.0064     0.7128     0.2677   -17.0097     2.1453     0.3451
    1.0667    -1.6482     1.9688    -1.6008    -1.0078     0.7223     0.2691   -12.0144     2.1336     0.3355
    1.0630    -1.6576     1.9701    -1.6029    -1.0116     0.7293     0.2697   -16.9500     2.1273     0.3297
    1.0496    -1.6632     1.9718    -1.5965    -1.0024     0.7138     0.2700   -14.5878     2.1404     0.3370
    1.2100    -1.6536     2.0128    -1.5066   -12.7528     0.8890     0.0834   -13.2083     2.1837     0.3615
    1.0746    -1.6449     1.9634    -1.6200    -1.0012     0.7340     0.2819   -16.2120     2.1061     0.3177
    1.0439    -1.6679     1.9663    -1.6017    -1.0057     0.7111     0.2726   -11.7720     2.1385     0.3354
    1.0478    -1.6737     1.9737    -1.5877    -1.0295     0.7265     0.2575   -13.0288     2.1466     0.3452
    1.0525    -1.6603     1.9637    -1.6108    -1.0017     0.7190     0.2759   -16.9686     2.1245     0.3271
    1.0596    -1.6585     1.9821    -1.5737    -1.0294     0.7182     0.2492   -16.9224     2.1605     0.3570
    1.0537    -1.6580     1.9744    -1.5933    -1.0060     0.7127     0.2699   -13.3407     2.1396     0.3362
    1.0555    -1.6539     1.9668    -1.6053    -0.9982     0.7117     0.2752   -16.9546     2.1321     0.3298
    1.0464    -1.6618     1.9689    -1.5964    -0.9986     0.7067     0.2698   -14.8240     2.1474     0.3419
    1.0627    -1.6587     1.9652    -1.6105    -1.0084     0.7319     0.2703   -16.8572     2.1218     0.3281
    1.0553    -1.6620     1.9756    -1.5833    -1.0218     0.7187     0.2551   -16.8792     2.1548     0.3531
    1.0589    -1.6601     1.9693    -1.5973    -1.0207     0.7242     0.2634   -16.9521     2.1380     0.3359
    1.0800    -1.6458     1.9735    -1.5976    -1.0233     0.7381     0.2652   -11.9228     2.1269     0.3315
    1.0516    -1.6612     1.9730    -1.5934    -1.0182     0.7114     0.2650   -17.2319     2.1377     0.3354
    1.0540    -1.6668     1.9765    -1.5874    -1.0222     0.7277     0.2602   -16.8162     2.1419     0.3432
    1.0496    -1.6676     1.9749    -1.5892    -1.0172     0.7177     0.2627   -16.2564     2.1449     0.3419
    1.0669    -1.6520     1.9624    -1.6293    -1.0003     0.7323     0.2891   -12.0170     2.0930     0.3001
    1.3154    -1.6165     2.0096    -1.5101   -11.2085     1.0328     0.0157   -16.9743     2.2054     0.4026
    1.0585    -1.6618     1.9719    -1.5988    -1.0150     0.7299     0.2693   -12.0596     2.1283     0.3329
    1.0580    -1.6683     1.9807    -1.5755    -1.0510     0.7348     0.2458   -16.9688     2.1513     0.3518
    1.0598    -1.6630     1.9714    -1.5925    -1.0263     0.7304     0.2580   -16.9707     2.1419     0.3417
    1.0748    -1.6518     1.9763    -1.5888    -1.0359     0.7381     0.2575   -13.6207     2.1356     0.3389
    1.0495    -1.6676     1.9674    -1.5975    -1.0105     0.7180     0.2629   -13.2718     2.1463     0.3432
    1.0438    -1.6731     1.9786    -1.5817    -1.0205     0.7164     0.2618   -16.8200     2.1514     0.3491
    1.0654    -1.6573     1.9670    -1.6049    -1.0156     0.7322     0.2670   -11.7938     2.1287     0.3297
    1.0565    -1.6642     1.9714    -1.5982    -1.0167     0.7285     0.2694   -12.4604     2.1309     0.3339
    1.0634    -1.6500     1.9696    -1.6045    -0.9996     0.7219     0.2737   -12.0383     2.1268     0.3299
    1.0554    -1.6660     1.9709    -1.5961    -1.0207     0.7286     0.2629   -13.1949     2.1370     0.3365
    1.2028    -1.6390     2.0092    -1.5104    -9.6494     0.8592     0.0592   -11.2177     2.2124     0.3832
    1.0613    -1.6613     1.9739    -1.5942    -1.0260     0.7308     0.2642   -13.1809     2.1324     0.3325
    1.0694    -1.6525     1.9763    -1.5904    -1.0272     0.7316     0.2635   -16.9211     2.1339     0.3362
    1.0491    -1.6704     1.9429    -1.6259    -1.0078     0.7273     0.2650   -11.5385     2.1369     0.3403
    1.0553    -1.6614     1.9767    -1.5825    -1.0217     0.7186     0.2564   -15.5539     2.1538     0.3522
    1.0726    -1.6492     1.9643    -1.6113    -1.0086     0.7331     0.2727   -16.9123     2.1216     0.3288
    1.0470    -1.6768     1.9727    -1.5888    -1.0311     0.7322     0.2547   -14.3920     2.1455     0.3469
    1.0484    -1.6667     1.9708    -1.5932    -1.0098     0.7147     0.2640   -16.9239     2.1476     0.3447
    1.0515    -1.6580     1.9665    -1.6031    -0.9983     0.7104     0.2703   -11.8480     2.1379     0.3355
    1.0569    -1.6636     1.9707    -1.6013    -1.0087     0.7283     0.2695   -14.5656     2.1298     0.3327
    1.0490    -1.6648     1.9760    -1.5824    -1.0141     0.7119     0.2584   -16.9638     2.1587     0.3559
    1.0634    -1.6548     1.9681    -1.6007    -1.0123     0.7248     0.2640   -19.8491     2.1368     0.3348
    1.0756    -1.6493     1.9596    -1.6206    -1.0066     0.7415     0.2717   -16.8806     2.1137     0.3244
    1.0499    -1.6611     1.9678    -1.5984    -1.0054     0.7129     0.2663   -17.6621     2.1428     0.3394
    1.0544    -1.6604     1.9695    -1.5988    -1.0076     0.7186     0.2687   -14.4304     2.1377     0.3362
    1.2324    -1.6280     2.0072    -1.5114   -27.3113     0.8954     0.0591   -11.6928     2.2006     0.3840
    1.2225    -1.6318     2.0055    -1.5139   -11.8792     0.8812     0.0730   -16.9902     2.1907     0.3759
    0.2690   -15.4562     1.9839    -1.5402    -5.1220     0.9723     0.4771    -1.3947     0.9209    -0.1344
    1.0523    -1.6670     1.9747    -1.5919    -1.0236     0.7239     0.2655   -16.9188     2.1351     0.3356
    1.0849    -1.6399     1.9675    -1.6188    -1.0099     0.7453     0.2796   -16.8013     2.0976     0.3128
    1.0414    -1.6744     1.9714    -1.5933    -1.0091     0.7183     0.2656   -16.8274     2.1448     0.3443
    1.0859    -1.6401     1.9652    -1.6163    -1.0207     0.7418     0.2769   -16.9557     2.1039     0.3149
    1.0600    -1.6560     1.9653    -1.6049    -1.0140     0.7220     0.2678   -18.1084     2.1314     0.3298
    1.0435    -1.6640     1.9629    -1.6051    -0.9929     0.7074     0.2744   -10.8333     2.1425     0.3400
    1.0667    -1.6538     1.9670    -1.6068    -1.0119     0.7313     0.2726   -19.4582     2.1235     0.3285
    1.0548    -1.6642     1.9718    -1.5852    -1.0282     0.7221     0.2491   -15.6941     2.1573     0.3573
    1.0539    -1.6591     1.9643    -1.6096    -0.9946     0.7191     0.2756   -15.7248     2.1295     0.3313
    1.0404    -1.6734     1.9736    -1.5914    -1.0101     0.7111     0.2670   -13.4737     2.1449     0.3406
    1.0530    -1.6587     1.9695    -1.5931    -1.0101     0.7104     0.2634   -16.9506     2.1510     0.3443
    1.0577    -1.6552     1.9686    -1.6033    -1.0063     0.7183     0.2719   -16.9565     2.1291     0.3298
    1.0712    -1.6533     1.9654    -1.6124    -1.0123     0.7385     0.2714   -16.9143     2.1162     0.3240
    1.0565    -1.6611     1.9711    -1.5989    -1.0078     0.7256     0.2682   -16.9278     2.1333     0.3361
    1.2658    -1.6370     2.0051    -1.5138   -11.0194     0.9599     0.0565   -16.8745     2.1887     0.3808
    1.0643    -1.6621     1.9660    -1.6112    -1.0130     0.7362     0.2742   -14.1827     2.1192     0.3243
    1.0528    -1.6606     1.9649    -1.6081    -0.9988     0.7181     0.2733   -16.9782     2.1309     0.3305
    1.0670    -1.6554     1.9660    -1.6100    -1.0071     0.7342     0.2706   -16.9397     2.1228     0.3284
    1.0607    -1.6613     1.9600    -1.6287    -1.0060     0.7392     0.2831   -11.6616     2.0942     0.3085
    1.0560    -1.6578     1.9638    -1.6058    -1.0055     0.7194     0.2694   -16.0949     2.1341     0.3360
    1.0673    -1.6543     1.9648    -1.6083    -1.0108     0.7332     0.2693   -11.8003     2.1258     0.3319
    1.0525    -1.6667     1.9696    -1.6001    -1.0109     0.7254     0.2701   -11.9387     2.1330     0.3355
    1.0598    -1.6620     1.9862    -1.5658    -1.0417     0.7208     0.2400   -15.6941     2.1679     0.3642
    1.4630    -1.6544     2.0174    -1.5028   -14.9822     1.3960    -0.0662    -1.3919     2.2021     0.4771
    1.0531    -1.6663     1.9770    -1.5831    -1.0231     0.7220     0.2550   -16.8884     2.1520     0.3507
    1.1416    -1.6656     2.0093    -1.5088   -17.6327     0.7978     0.1285   -15.4418     2.1768     0.3469
    1.0635    -1.6612     1.9652    -1.6127    -1.0131     0.7370     0.2712   -13.1511     2.1171     0.3226
    1.0348    -1.6751     1.9680    -1.5971    -1.0149     0.7038     0.2667   -16.9669     2.1418     0.3370
    1.0469    -1.6686     1.9459    -1.6235    -1.0065     0.7211     0.2695   -12.9014     2.1350     0.3374
    1.0504    -1.6618     1.9799    -1.5809    -1.0137     0.7116     0.2616   -16.4218     2.1518     0.3487
    1.0593    -1.6581     1.9697    -1.5981    -1.0120     0.7244     0.2640   -13.3812     2.1373     0.3385
    1.0577    -1.6585     1.9717    -1.5957    -1.0091     0.7212     0.2655   -16.9599     2.1387     0.3395
    1.0389    -1.6658     1.9644    -1.6020    -0.9923     0.6998     0.2761   -16.9562     2.1469     0.3408
    1.0464    -1.6713     1.9794    -1.5812    -1.0222     0.7195     0.2593   -16.9559     2.1499     0.3484
    1.0589    -1.6665     1.9837    -1.5695    -1.0478     0.7275     0.2406   -11.6766     2.1630     0.3588
    1.0502    -1.6641     1.9670    -1.6048    -1.0088     0.7173     0.2707   -14.2174     2.1295     0.3292
    1.0564    -1.6576     1.9626    -1.6115    -0.9989     0.7204     0.2736   -16.9104     2.1281     0.3303
    1.2089    -1.6348     2.0133    -1.5049   -12.0530     0.8626     0.0713   -16.8191     2.2022     0.3852
    1.0700    -1.6535     1.9691    -1.6054    -1.0158     0.7374     0.2672   -13.1252     2.1225     0.3269
    1.0428    -1.6724     1.9733    -1.5902    -1.0131     0.7150     0.2660   -11.7818     2.1464     0.3444
    1.0549    -1.6654     1.9755    -1.5879    -1.0214     0.7250     0.2583   -11.4517     2.1446     0.3448
    1.0624    -1.6596     1.9725    -1.5963    -1.0184     0.7297     0.2645   -13.5259     2.1331     0.3349
    1.0551    -1.6598     1.9698    -1.5948    -1.0083     0.7194     0.2617   -16.9301     2.1456     0.3454
    1.0507    -1.6607     1.9706    -1.5943    -1.0019     0.7127     0.2640   -17.5390     2.1477     0.3449
    1.0644    -1.6574     1.9677    -1.6073    -1.0112     0.7320     0.2720   -17.2464     2.1223     0.3268
    1.0653    -1.6539     1.9718    -1.5936    -1.0184     0.7262     0.2605   -15.0860     2.1416     0.3413
    1.2193    -1.6216     2.0041    -1.5155   -10.6780     0.8636     0.0676   -10.9020     2.2026     0.3830
    1.0892    -1.6367     1.9659    -1.6197    -1.0115     0.7421     0.2817   -16.9462     2.0995     0.3123
    1.0520    -1.6642     1.9687    -1.5962    -1.0154     0.7174     0.2616   -13.2944     2.1454     0.3392
    1.0488    -1.6693     1.9715    -1.5946    -1.0152     0.7220     0.2637   -11.4557     2.1410     0.3392
    1.0537    -1.6585     1.9741    -1.5896    -1.0105     0.7125     0.2635   -14.5547     2.1474     0.3433
    1.0498    -1.6677     1.9615    -1.6099    -1.0060     0.7247     0.2707   -16.9544     2.1309     0.3341
    1.2710    -1.6394     2.0152    -1.5039   -47.8116     0.9982     0.0045   -26.6155     2.2223     0.4287
    1.0577    -1.6580     1.9650    -1.6060    -1.0055     0.7229     0.2687   -16.9415     2.1320     0.3339
    1.0514    -1.6569     1.9697    -1.5954    -1.0054     0.7070     0.2672   -16.9626     2.1453     0.3402
    1.0733    -1.6475     1.9721    -1.5994    -1.0189     0.7323     0.2697   -16.9193     2.1250     0.3305
    1.0494    -1.6712     1.9803    -1.5787    -1.0327     0.7233     0.2549   -11.9512     2.1504     0.3484
    1.0470    -1.6597     1.9674    -1.6045    -0.9907     0.7083     0.2780   -16.8932     2.1338     0.3330
    1.0525    -1.6607     1.9722    -1.5947    -1.0045     0.7169     0.2674   -11.3397     2.1412     0.3405
    1.0560    -1.6570     1.9623    -1.6081    -0.9973     0.7162     0.2669   -11.5671     2.1391     0.3361
    1.0562    -1.6582     1.9708    -1.5986    -1.0037     0.7193     0.2696   -12.0707     2.1365     0.3368
    1.0578    -1.6617     1.9608    -1.6120    -1.0025     0.7286     0.2671   -16.7553     2.1316     0.3342
    1.2617    -1.6517     2.0099    -1.5102   -12.7607     0.9949     0.0263   -16.9551     2.2030     0.3968
    1.0729    -1.6540     1.9624    -1.6249    -1.0142     0.7389     0.2818   -16.9932     2.1008     0.3031
    1.0652    -1.6575     1.9620    -1.6323    -0.9941     0.7407     0.2858   -16.8539     2.0904     0.3065
    1.0489    -1.6577     1.9638    -1.6048    -0.9960     0.7078     0.2722   -16.9345     2.1406     0.3369
    1.0712    -1.6547     1.9682    -1.6076    -1.0199     0.7395     0.2698   -17.3475     2.1180     0.3246
    1.0501    -1.6635     1.9767    -1.5877    -1.0071     0.7152     0.2653   -16.9362     2.1457     0.3438
    3.0192   -24.5390     1.9819    -1.5511    -7.3406     2.0069     0.4771   -24.6127     0.7721    -0.1997
    1.0444    -1.6662     1.9668    -1.6024    -0.9951     0.7125     0.2718   -12.7919     2.1385     0.3393
    1.0610    -1.6495     1.9591    -1.6389    -0.9667     0.7249     0.2993   -11.9368     2.0903     0.3086
    1.0766    -1.6507     1.9678    -1.6048    -1.0238     0.7418     0.2626   -16.9443     2.1244     0.3295
    1.0783    -1.6492     1.9741    -1.5941    -1.0288     0.7397     0.2605   -12.4082     2.1320     0.3368
    1.0507    -1.6616     1.9695    -1.5958    -0.9950     0.7142     0.2638   -14.7004     2.1489     0.3477
    1.0451    -1.6662     1.9713    -1.5953    -1.0078     0.7094     0.2688   -18.5502     2.1423     0.3368
    1.0565    -1.6565     1.9792    -1.5778    -1.0228     0.7113     0.2549   -13.9702     2.1594     0.3534
    1.0498    -1.6647     1.9747    -1.5905    -1.0099     0.7165     0.2652   -14.3259     2.1438     0.3406
    1.0649    -1.6559     1.9634    -1.6128    -1.0108     0.7310     0.2727   -13.1804     2.1199     0.3239
    1.0602    -1.6564     1.9641    -1.6058    -1.0071     0.7230     0.2675   -13.2230     2.1355     0.3355
    1.0543    -1.6553     1.9695    -1.5995    -0.9971     0.7119     0.2688   -16.9738     2.1396     0.3379
    1.0491    -1.6660     1.9740    -1.5902    -1.0136     0.7171     0.2636   -16.9582     2.1447     0.3434
    1.0549    -1.6710     1.9827    -1.5716    -1.0458     0.7293     0.2424   -15.1258     2.1603     0.3586
    1.0628    -1.6568     1.9625    -1.6216    -1.0035     0.7321     0.2801   -18.1733     2.1061     0.3133
    1.0658    -1.6584     1.9742    -1.5928    -1.0283     0.7334     0.2617   -16.9435     2.1339     0.3363
    1.0478    -1.6641     1.9697    -1.5943    -1.0046     0.7106     0.2650   -11.1331     2.1484     0.3454
    1.0586    -1.6626     1.9735    -1.5889    -1.0242     0.7281     0.2571   -13.1727     2.1456     0.3468
    1.0457    -1.6677     1.9627    -1.6050    -1.0145     0.7118     0.2676   -16.5091     2.1367     0.3337
    1.2142    -1.6710     1.9995    -1.5204   -10.3734     0.9370     0.0426   -11.7297     2.2039     0.3898
    1.0582    -1.6603     1.9687    -1.5981    -1.0195     0.7255     0.2632   -11.4353     2.1369     0.3361
    1.0538    -1.6582     1.9629    -1.6078    -0.9989     0.7159     0.2724   -19.1729     2.1350     0.3355
    1.1951    -1.6611     2.0032    -1.5168   -12.3922     0.8843     0.0859   -16.9800     2.1785     0.3537
    1.0391    -1.6775     1.9773    -1.5848    -1.0199     0.7190     0.2652   -16.6833     2.1450     0.3452
    1.2453    -1.6167     2.0006    -1.5200   -13.0499     0.9048     0.0411   -12.6157     2.2133     0.3933
    1.0713    -1.6582     1.9731    -1.5926    -1.0350     0.7403     0.2581   -17.3751     2.1352     0.3394
    1.1877    -1.6637     2.0150    -1.5037   -13.6516     0.8757     0.0756   -12.2122     2.1937     0.3736
    1.0565    -1.6605     1.9692    -1.6001    -1.0110     0.7233     0.2666   -13.1611     2.1347     0.3343
    1.0622    -1.6577     1.9691    -1.5982    -1.0183     0.7297     0.2617   -16.9211     2.1363     0.3379
    1.0778    -1.6476     1.9717    -1.6027    -1.0193     0.7393     0.2708   -16.9586     2.1194     0.3277
    1.0699    -1.6532     1.9598    -1.6298    -1.0024     0.7399     0.2827   -12.1929     2.0960     0.3086
    1.0520    -1.6617     1.9616    -1.6074    -0.9989     0.7167     0.2682   -16.6431     2.1405     0.3390
    1.0551    -1.6583     1.9668    -1.6015    -1.0019     0.7171     0.2661   -16.9441     2.1407     0.3394
    1.0556    -1.6610     1.9600    -1.6137    -1.0041     0.7250     0.2714   -16.8607     2.1270     0.3299
    1.0632    -1.6618     1.9745    -1.5944    -1.0266     0.7343     0.2641   -16.7623     2.1311     0.3330
    1.0500    -1.6630     1.9619    -1.6092    -0.9947     0.7185     0.2715   -12.4823     2.1360     0.3373
    1.0618    -1.6615     1.9695    -1.5995    -1.0219     0.7343     0.2642   -16.6346     2.1313     0.3341
    1.0771    -1.6462     1.9660    -1.6172    -1.0074     0.7407     0.2768   -16.9285     2.1059     0.3168
    1.0433    -1.6593     1.9685    -1.6013    -0.9824     0.7031     0.2749   -16.9815     2.1404     0.3389
    1.0578    -1.6631     1.9615    -1.6194    -1.0051     0.7324     0.2759   -15.6372     2.1118     0.3196
    1.0438    -1.6691     1.9507    -1.6100    -1.0139     0.7099     0.2603   -11.3150     2.1532     0.3498
    1.0572    -1.6577     1.9563    -1.6287    -0.9886     0.7258     0.2840   -16.8655     2.1096     0.3181
    1.0514    -1.6658     1.9754    -1.5858    -1.0185     0.7187     0.2586   -12.8077     2.1507     0.3481
    1.0507    -1.6568     1.9680    -1.5986    -0.9974     0.7071     0.2699   -11.6986     2.1442     0.3410
    1.0572    -1.6640     1.9666    -1.6026    -1.0174     0.7292     0.2668   -16.8225     2.1323     0.3347
    1.0694    -1.6523     1.9683    -1.6018    -1.0199     0.7302     0.2634   -16.9584     2.1304     0.3330
    1.0542    -1.6601     1.9681    -1.6010    -1.0051     0.7194     0.2696   -16.9604     2.1367     0.3359
    1.0546    -1.6654     1.9702    -1.5937    -1.0228     0.7250     0.2604   -16.7760     2.1434     0.3418
    1.0437    -1.6719     1.9730    -1.5900    -1.0085     0.7163     0.2631   -18.8158     2.1497     0.3479
    1.0594    -1.6554     1.9636    -1.6131    -0.9948     0.7249     0.2737   -14.5584     2.1243     0.3283
    1.0522    -1.6647     1.9740    -1.5916    -1.0148     0.7191     0.2650   -16.9213     2.1423     0.3397
    1.0679    -1.6514     1.9689    -1.6020    -1.0183     0.7312     0.2652   -16.9456     2.1285     0.3298
    1.0784    -1.6438     1.9637    -1.6269    -1.0021     0.7404     0.2849   -16.9588     2.0930     0.3068
    1.0678    -1.6507     1.9714    -1.5966    -1.0153     0.7273     0.2622   -16.9960     2.1367     0.3362
    1.0662    -1.6580     1.9708    -1.5983    -1.0235     0.7354     0.2622   -16.9234     2.1321     0.3330
    1.0567    -1.6610     1.9706    -1.5975    -1.0194     0.7234     0.2644   -16.9681     2.1344     0.3334
    1.0723    -1.6508     1.9718    -1.6004    -1.0209     0.7338     0.2654   -16.9418     2.1265     0.3276
    1.0633    -1.6578     1.9712    -1.5970    -1.0183     0.7299     0.2658   -11.9344     2.1335     0.3372
    1.0619    -1.6598     1.9596    -1.6131    -1.0096     0.7315     0.2684   -16.8875     2.1288     0.3319
    1.0496    -1.6660     1.9704    -1.5979    -1.0041     0.7199     0.2704   -11.6397     2.1379     0.3395
    1.0525    -1.6622     1.9717    -1.5974    -1.0086     0.7182     0.2694   -14.1221     2.1350     0.3347
    1.0496    -1.6630     1.9710    -1.5941    -1.0033     0.7138     0.2647   -16.8790     2.1464     0.3445
    1.0524    -1.6645     1.9696    -1.6008    -1.0076     0.7217     0.2722   -16.9866     2.1334     0.3333
    1.2422    -1.6603     2.0056    -1.5143   -14.0275     0.9665     0.0546   -12.9737     2.1852     0.3692
    1.0556    -1.6637     1.9644    -1.6137    -1.0022     0.7293     0.2766   -15.5678     2.1185     0.3241
    1.0647    -1.6606     1.9732    -1.5937    -1.0272     0.7338     0.2608   -12.8576     2.1357     0.3375
    1.0709    -1.6514     1.9706    -1.6007    -1.0212     0.7333     0.2677   -11.7665     2.1255     0.3298
    1.0525    -1.6660     1.9781    -1.5784    -1.0258     0.7174     0.2509   -12.5874     2.1612     0.3571
    1.0611    -1.6618     1.9565    -1.6123    -1.0235     0.7321     0.2638   -16.9713     2.1305     0.3345
    1.0504    -1.6676     1.9676    -1.5979    -1.0124     0.7234     0.2605   -20.7189     2.1429     0.3434
    1.0422    -1.6692     1.9560    -1.6140    -0.9954     0.7116     0.2709   -11.4076     2.1387     0.3374
    1.0524    -1.6648     1.9766    -1.5894    -1.0181     0.7192     0.2664   -16.9688     2.1396     0.3364
    1.0672    -1.6537     1.9617    -1.6137    -1.0105     0.7327     0.2718   -16.9262     2.1211     0.3273
    1.0630    -1.6547     1.9721    -1.5960    -1.0133     0.7256     0.2637   -14.4154     2.1371     0.3358
    1.0501    -1.6631     1.9659    -1.5988    -1.0080     0.7135     0.2641   -11.5435     2.1463     0.3434
    1.0534    -1.6619     1.9673    -1.6009    -1.0121     0.7203     0.2679   -15.1360     2.1354     0.3358
    1.0573    -1.6632     1.9817    -1.5758    -1.0319     0.7224     0.2520   -11.8362     2.1558     0.3523
    1.0826    -1.6432     1.9672    -1.6203    -1.0091     0.7456     0.2802   -16.9448     2.0965     0.3119
    1.2578    -1.6187     2.0112    -1.5098    -9.7883     0.9210     0.0605   -14.8886     2.1879     0.3746
    1.0597    -1.6614     1.9744    -1.5876    -1.0275     0.7272     0.2560   -16.9027     2.1463     0.3451
    1.0542    -1.6605     1.9640    -1.6045    -1.0087     0.7179     0.2682   -16.9580     2.1370     0.3355
    1.2203    -1.6324     2.0030    -1.5163   -11.9142     0.8811     0.0567   -13.9293     2.2064     0.3871
    1.0661    -1.6597     1.9768    -1.5899    -1.0277     0.7358     0.2620   -16.9709     2.1345     0.3375
    1.0523    -1.6593     1.9705    -1.5921    -1.0069     0.7105     0.2629   -16.9260     2.1514     0.3469
    1.0451    -1.6599     1.9652    -1.6071    -0.9871     0.7070     0.2775   -16.9760     2.1351     0.3326
    1.0649    -1.6583     1.9627    -1.6107    -1.0142     0.7342     0.2687   -14.3832     2.1250     0.3299
    1.0558    -1.6580     1.9623    -1.6093    -0.9995     0.7201     0.2720   -16.4206     2.1323     0.3355
    1.0506    -1.6667     1.9757    -1.5897    -1.0166     0.7233     0.2655   -12.9626     2.1392     0.3406
    1.0494    -1.6732     1.9720    -1.5891    -1.0262     0.7261     0.2555   -11.4921     2.1492     0.3487
    1.2218    -1.6718     2.0014    -1.5184   -12.8400     0.9405     0.0765   -16.7769     2.1721     0.3487
    1.0555    -1.6538     1.9643    -1.6044    -0.9994     0.7109     0.2705   -16.9623     2.1399     0.3361
    1.0641    -1.6613     1.9812    -1.5747    -1.0394     0.7312     0.2438   -14.7253     2.1583     0.3580
    1.6090    -1.6655     1.9994    -1.5207   -15.1866     1.6613    -0.0807    -1.3575     2.1865     0.4771
    1.0784    -1.6442     1.9636    -1.6249    -1.0012     0.7417     0.2812   -16.9416     2.0981     0.3112
    1.2114    -1.6364     2.0089    -1.5105   -10.7007     0.8712     0.0775   -16.9724     2.1934     0.3687
    1.0580    -1.6610     1.9688    -1.5927    -1.0206     0.7240     0.2545   -15.4792     2.1497     0.3488
    1.0528    -1.6682     1.9707    -1.5970    -1.0184     0.7274     0.2640   -12.8510     2.1358     0.3368
    1.0845    -1.6435     1.9672    -1.6165    -1.0152     0.7465     0.2755   -13.2260     2.1033     0.3141
    1.2064    -1.6723     1.9911    -1.5277   -13.6977     0.9110     0.0794    -9.6170     2.1827     0.3591
    1.0831    -1.6439     1.9647    -1.6257    -1.0043     0.7391     0.2872   -12.2558     2.0966     0.3062
    1.0483    -1.6670     1.9780    -1.5853    -1.0128     0.7175     0.2643   -16.8926     2.1466     0.3447
    1.0505    -1.6686     1.9711    -1.5942    -1.0167     0.7249     0.2634   -19.9703     2.1407     0.3424
    1.0533    -1.6633     1.9704    -1.6006    -1.0093     0.7238     0.2701   -12.7245     2.1306     0.3317
    1.0756    -1.6511     1.9683    -1.6024    -1.0226     0.7366     0.2625   -16.9696     2.1306     0.3328
    1.0556    -1.6609     1.9709    -1.6002    -1.0049     0.7239     0.2701   -16.9774     2.1319     0.3342
    1.0496    -1.6629     1.9736    -1.5885    -1.0111     0.7117     0.2639   -16.9571     2.1498     0.3473
    1.0549    -1.6645     1.9756    -1.5917    -1.0152     0.7259     0.2665   -12.5685     2.1368     0.3380
    1.0554    -1.6598     1.9708    -1.5988    -1.0050     0.7189     0.2694   -16.9385     2.1366     0.3351
    1.0534    -1.6631     1.9683    -1.6032    -1.0060     0.7234     0.2699   -16.8028     2.1313     0.3327
    1.0526    -1.6624     1.9629    -1.6096    -0.9998     0.7191     0.2725   -13.7849     2.1323     0.3321
    1.0666    -1.6521     1.9632    -1.6268    -0.9925     0.7329     0.2868   -16.9473     2.0982     0.3097
    1.0535    -1.6701     1.9752    -1.5844    -1.0354     0.7308     0.2525   -12.3781     2.1485     0.3492
    1.0541    -1.6615     1.9651    -1.6030    -1.0030     0.7193     0.2669   -16.9170     2.1403     0.3403
    1.0771    -1.6540     1.9630    -1.6194    -1.0183     0.7454     0.2748   -12.9273     2.1082     0.3144
    1.0506    -1.6622     1.9669    -1.6000    -1.0029     0.7150     0.2667   -12.2684     2.1423     0.3411
    1.0458    -1.6658     1.9712    -1.5929    -1.0075     0.7093     0.2632   -11.9537     2.1481     0.3435
    1.0456    -1.6687     1.9726    -1.5870    -1.0142     0.7133     0.2600   -16.4521     2.1557     0.3529
    1.0460    -1.6700     1.9511    -1.6163    -1.0097     0.7188     0.2669   -19.1490     2.1391     0.3391
    1.0526    -1.6655     1.9649    -1.6066    -1.0055     0.7246     0.2722   -16.8734     2.1310     0.3337
    1.0450    -1.6634     1.9620    -1.6071    -0.9969     0.7100     0.2696   -16.8345     2.1381     0.3377
    1.0458    -1.6670     1.9771    -1.5858    -1.0101     0.7131     0.2653   -13.1320     2.1480     0.3465
    1.0535    -1.6598     1.9723    -1.5923    -1.0076     0.7141     0.2645   -16.9283     2.1466     0.3435
    1.0565    -1.6626     1.9686    -1.6016    -1.0163     0.7246     0.2685   -16.9435     2.1320     0.3294
    1.1810    -1.6475     2.0034    -1.5159   -11.0313     0.8345     0.0859   -16.9994     2.1966     0.3728
    1.0578    -1.6604     1.9807    -1.5783    -1.0258     0.7206     0.2541   -16.9689     2.1532     0.3504
    1.0658    -1.6594     1.9704    -1.5976    -1.0259     0.7362     0.2617   -13.6927     2.1323     0.3366
    1.0614    -1.6616     1.9771    -1.5892    -1.0288     0.7303     0.2625   -13.0528     2.1351     0.3359
    1.2195    -1.6509     1.9939    -1.5253   -10.2178     0.9084     0.0696   -16.7771     2.1887     0.3739
    1.0557    -1.6678     1.9812    -1.5748    -1.0433     0.7268     0.2463   -15.5867     2.1561     0.3535
    1.0703    -1.6596     1.9752    -1.5914    -1.0318     0.7400     0.2591   -11.7242     2.1350     0.3381
    1.0522    -1.6650     1.9626    -1.6052    -1.0160     0.7216     0.2662   -12.3636     2.1361     0.3349
    1.0499    -1.6643     1.9772    -1.5834    -1.0138     0.7134     0.2588   -13.6997     2.1534     0.3501
    1.0667    -1.6560     1.9714    -1.5914    -1.0306     0.7311     0.2545   -16.1251     2.1445     0.3420
    1.0613    -1.6601     1.9720    -1.5961    -1.0216     0.7294     0.2663   -12.1962     2.1332     0.3353
  -12.1397   -17.1125     2.6746    -0.6728    -4.0479     1.9849    -0.0089   -16.7891     1.9979    -0.0280
    1.0399    -1.6705     1.9634    -1.6064    -0.9969     0.7102     0.2709   -16.9004     2.1387     0.3360
    1.0658    -1.6581     1.9756    -1.5915    -1.0281     0.7327     0.2636   -16.9436     2.1328     0.3358
    1.0599    -1.6571     1.9710    -1.5968    -1.0141     0.7237     0.2651   -16.9680     2.1375     0.3355
    1.0460    -1.6724     1.9721    -1.5901    -1.0240     0.7177     0.2599   -16.9537     2.1473     0.3433
    1.0552    -1.6634     1.9754    -1.5862    -1.0232     0.7223     0.2569   -16.9676     2.1488     0.3459
    1.0482    -1.6626     1.9683    -1.6007    -1.0005     0.7133     0.2697   -13.9776     2.1385     0.3356
    1.0579    -1.6552     1.9685    -1.6043    -0.9970     0.7188     0.2731   -16.7297     2.1313     0.3328
    1.0563    -1.6612     1.9691    -1.6020    -1.0038     0.7240     0.2681   -12.5682     2.1343     0.3349
    1.0508    -1.6577     1.9690    -1.6001    -0.9941     0.7089     0.2730   -12.4142     2.1400     0.3378
    1.0486    -1.6639     1.9689    -1.5986    -1.0013     0.7126     0.2684   -18.1951     2.1425     0.3394
    1.0617    -1.6605     1.9739    -1.5891    -1.0280     0.7312     0.2543   -16.1255     2.1439     0.3438
    1.0493    -1.6696     1.9736    -1.5926    -1.0151     0.7232     0.2662   -16.7993     2.1402     0.3391
    1.0540    -1.6651     1.9696    -1.6018    -1.0122     0.7263     0.2711   -13.0705     2.1290     0.3310
    1.0464    -1.6666     1.9694    -1.5958    -1.0077     0.7134     0.2655   -12.4247     2.1441     0.3422
    1.0590    -1.6643     1.9780    -1.5797    -1.0392     0.7270     0.2482   -11.6231     2.1537     0.3507
    1.0550    -1.6606     1.9677    -1.6015    -1.0077     0.7217     0.2678   -16.9821     2.1347     0.3369
    1.0541    -1.6641     1.9751    -1.5917    -1.0147     0.7240     0.2668   -10.8281     2.1378     0.3387
    1.0775    -1.6459     1.9619    -1.6231    -1.0062     0.7410     0.2794   -11.2178     2.1025     0.3145
    1.0537    -1.6605     1.9704    -1.5993    -1.0005     0.7184     0.2708   -20.2785     2.1371     0.3372
    1.0489    -1.6690     1.9729    -1.5892    -1.0203     0.7187     0.2581   -16.9453     2.1488     0.3460
    1.2763    -1.6169     2.0116    -1.5079   -19.3707     0.9579     0.0315   -16.9476     2.2092     0.3973
    1.0646    -1.6580     1.9713    -1.5984    -1.0140     0.7317     0.2644   -16.7885     2.1338     0.3348
    1.0610    -1.6587     1.9756    -1.5849    -1.0266     0.7241     0.2544   -13.4468     2.1501     0.3482
    1.0542    -1.6629     1.9707    -1.5960    -1.0100     0.7206     0.2653   -26.7333     2.1411     0.3402
    1.0544    -1.6603     1.9766    -1.5860    -1.0163     0.7178     0.2621   -16.9686     2.1460     0.3458
    1.0721    -1.6513     1.9690    -1.6027    -1.0179     0.7347     0.2673   -16.6931     2.1270     0.3321
    1.0779    -1.6431     1.9670    -1.6149    -1.0064     0.7353     0.2787   -21.2718     2.1087     0.3181
    1.2466    -1.6664     2.0180    -1.5014   -19.4299     0.9959     0.0164   -11.3368     2.2125     0.4166
    1.0539    -1.6674     1.9677    -1.6044    -1.0132     0.7288     0.2713   -12.4386     2.1280     0.3310
    1.0667    -1.6561     1.9627    -1.6156    -1.0093     0.7335     0.2725   -16.9524     2.1177     0.3221
    1.0596    -1.6637     1.9693    -1.6003    -1.0195     0.7327     0.2654   -16.6518     2.1308     0.3343
    1.0528    -1.6632     1.9711    -1.5937    -1.0140     0.7183     0.2629   -14.8325     2.1435     0.3425
    1.0528    -1.6656     1.9755    -1.5858    -1.0209     0.7199     0.2586   -16.9186     2.1506     0.3468
    1.0710    -1.6505     1.9685    -1.5995    -1.0205     0.7279     0.2629   -16.9501     2.1354     0.3359
    1.0662    -1.6556     1.9691    -1.6060    -1.0115     0.7319     0.2724   -13.7368     2.1216     0.3269
    1.2480    -1.6252     2.0134    -1.5065   -21.3867     0.9191     0.0373   -16.4444     2.2106     0.4002
    1.0494    -1.6671     1.9791    -1.5808    -1.0230     0.7184     0.2593   -16.9340     2.1502     0.3492
    1.0668    -1.6567     1.9709    -1.6026    -1.0190     0.7321     0.2707   -16.9789     2.1231     0.3266
    1.0692    -1.6542     1.9709    -1.6037    -1.0158     0.7344     0.2688   -11.5814     2.1232     0.3251
    1.0624    -1.6551     1.9591    -1.6164    -1.0038     0.7275     0.2753   -15.8338     2.1223     0.3286
    1.0484    -1.6635     1.9715    -1.5934    -1.0005     0.7121     0.2647   -16.8834     2.1477     0.3461
    1.0548    -1.6596     1.9716    -1.5957    -1.0031     0.7160     0.2646   -16.7857     2.1431     0.3406
    1.0440    -1.6667     1.9653    -1.6044    -0.9987     0.7116     0.2736   -11.9488     2.1375     0.3354
    1.4176    -1.6474     2.0073    -1.5126   -15.6665     1.3007    -0.0577    -1.4477     2.2095     0.4771
    1.0600    -1.6607     1.9667    -1.6071    -1.0131     0.7284     0.2718   -16.9650     2.1240     0.3266
    1.0607    -1.6540     1.9739    -1.5903    -1.0137     0.7184     0.2632   -12.7402     2.1440     0.3439
    1.0680    -1.6515     1.9712    -1.5985    -1.0141     0.7276     0.2630   -10.9127     2.1352     0.3331
    1.2173    -1.6694     2.0072    -1.5135   -12.0126     0.9279     0.0813   -16.9524     2.1697     0.3420
    1.0564    -1.6649     1.9651    -1.6097    -1.0138     0.7305     0.2723   -14.5297     2.1211     0.3255
    1.0482    -1.6692     1.9761    -1.5869    -1.0160     0.7176     0.2626   -11.3539     2.1481     0.3440
    1.0585    -1.6610     1.9805    -1.5740    -1.0327     0.7186     0.2454   -16.8976     2.1646     0.3603
    1.0483    -1.6678     1.9704    -1.5927    -1.0171     0.7194     0.2603   -14.1383     2.1463     0.3439
    1.0679    -1.6568     1.9641    -1.6093    -1.0199     0.7375     0.2665   -16.9050     2.1231     0.3281
    1.0463    -1.6749     1.9743    -1.5866    -1.0304     0.7258     0.2581   -11.4344     2.1464     0.3454
    1.0599    -1.6583     1.9816    -1.5745    -1.0348     0.7206     0.2490   -16.9556     2.1567     0.3552
    1.0754    -1.6542     1.9738    -1.5920    -1.0346     0.7413     0.2576   -13.1672     2.1351     0.3394
    1.0517    -1.6617     1.9673    -1.6021    -0.9998     0.7170     0.2708   -21.3984     2.1373     0.3385
    1.0438    -1.6694     1.9773    -1.5861    -1.0163     0.7148     0.2698   -13.7338     2.1426     0.3426
    1.0458    -1.6616     1.9654    -1.6078    -0.9864     0.7113     0.2784   -16.9726     2.1321     0.3337
    1.0509    -1.6585     1.9650    -1.6051    -0.9901     0.7096     0.2714   -11.2375     2.1417     0.3375
    1.0621    -1.6593     1.9775    -1.5851    -1.0270     0.7275     0.2567   -11.7491     2.1450     0.3440
    1.0563    -1.6596     1.9825    -1.5729    -1.0288     0.7131     0.2502   -13.0183     2.1631     0.3562
    1.0617    -1.6542     1.9677    -1.6018    -1.0072     0.7212     0.2672   -16.9131     2.1364     0.3356
    1.0615    -1.6538     1.9726    -1.5927    -1.0103     0.7199     0.2637   -16.9588     2.1435     0.3432
    1.0516    -1.6696     1.9735    -1.5889    -1.0231     0.7257     0.2559   -12.1257     2.1473     0.3459
    1.0398    -1.6751     1.9478    -1.6243    -0.9968     0.7216     0.2706   -19.6309     2.1330     0.3360
    1.0515    -1.6633     1.9690    -1.5991    -1.0099     0.7154     0.2665   -11.7580     2.1384     0.3355
    1.2358    -1.6616     2.0176    -1.5020   -10.4547     0.9630     0.0285   -14.7162     2.2111     0.4006
    1.0495    -1.6577     1.9717    -1.5944    -0.9951     0.7073     0.2721   -16.9642     2.1448     0.3439
    1.0535    -1.6645     1.9643    -1.6041    -1.0113     0.7233     0.2662   -15.0674     2.1364     0.3370
    1.2363    -1.6415     2.0024    -1.5168   -13.6112     0.9236     0.0528   -16.9742     2.1994     0.3844
    1.0456    -1.6643     1.9679    -1.5966    -1.0023     0.7053     0.2694   -16.9435     2.1495     0.3419
    1.0726    -1.6510     1.9669    -1.6174    -1.0141     0.7415     0.2774   -13.6823     2.1004     0.3116
    1.0469    -1.6587     1.9590    -1.6077    -0.9929     0.7048     0.2692   -11.6186     2.1461     0.3406
    1.0584    -1.6605     1.9831    -1.5741    -1.0350     0.7225     0.2515   -16.9580     2.1543     0.3518
    1.0709    -1.6499     1.9643    -1.6157    -1.0040     0.7342     0.2751   -11.6179     2.1143     0.3227
    1.2830    -1.5970     2.0113    -1.5076   -12.7381     0.9368     0.0303   -16.9412     2.2164     0.4004
    1.0502    -1.6625     1.9680    -1.5965    -1.0089     0.7132     0.2647   -12.5141     2.1462     0.3419
    1.0609    -1.6581     1.9692    -1.6007    -1.0116     0.7278     0.2658   -12.7328     2.1333     0.3348
    1.0569    -1.6590     1.9641    -1.6053    -1.0077     0.7215     0.2680   -11.2473     2.1354     0.3357
    1.0548    -1.6649     1.9781    -1.5778    -1.0277     0.7211     0.2480   -16.9598     2.1611     0.3596
    1.0515    -1.6598     1.9712    -1.5930    -1.0080     0.7143     0.2632   -16.9726     2.1454     0.3441
    1.0674    -1.6548     1.9682    -1.6028    -1.0189     0.7299     0.2669   -16.9454     2.1307     0.3292
    1.0546    -1.6673     1.9685    -1.5958    -1.0233     0.7295     0.2590   -16.9534     2.1414     0.3423
    1.0757    -1.6536     1.9679    -1.6171    -1.0181     0.7430     0.2798   -16.9830     2.1010     0.3105
    1.0716    -1.6529     1.9711    -1.6020    -1.0166     0.7364     0.2690   -11.4116     2.1243     0.3297
    1.2465    -1.6690     2.0198    -1.4992    -9.3557     0.9999     0.0215   -16.8038     2.2079     0.4072
    1.0552    -1.6617     1.9726    -1.5933    -1.0121     0.7212     0.2637   -18.8901     2.1418     0.3416
    1.0577    -1.6607     1.9654    -1.6028    -1.0100     0.7252     0.2640   -16.8909     2.1379     0.3386
    1.0639    -1.6579     1.9716    -1.5985    -1.0171     0.7278     0.2672   -11.9358     2.1326     0.3316
    1.0617    -1.6552     1.9661    -1.6105    -1.0004     0.7279     0.2732   -11.3258     2.1223     0.3264
    1.2311    -1.6441     2.0069    -1.5122   -16.2557     0.9242     0.0418   -11.7682     2.2092     0.3994
    1.0678    -1.6541     1.9680    -1.5993    -1.0163     0.7302     0.2629   -16.6975     2.1371     0.3406
    1.2304    -1.6327     2.0095    -1.5103   -12.0396     0.9004     0.0545   -16.9382     2.2022     0.3795
    1.0614    -1.6558     1.9689    -1.6031    -1.0080     0.7242     0.2684   -16.8685     2.1313     0.3299
    1.2571    -1.6493     2.0079    -1.5122   -13.4452     0.9836     0.0184   -16.9690     2.2133     0.4060
    1.0488    -1.6657     1.9712    -1.5957    -1.0055     0.7185     0.2657   -16.8530     2.1409     0.3416
    1.0576    -1.6554     1.9599    -1.6204    -0.9860     0.7225     0.2792   -16.9644     2.1198     0.3250
    1.0494    -1.6630     1.9711    -1.5919    -1.0090     0.7096     0.2661   -16.9528     2.1502     0.3448
    1.0517    -1.6662     1.9743    -1.5856    -1.0219     0.7197     0.2570   -14.9496     2.1523     0.3508
    1.0322    -1.6891     1.9738    -1.5897    -1.0251     0.7259     0.2636   -17.6942     2.1413     0.3425
    1.0763    -1.6512     1.9737    -1.5948    -1.0273     0.7406     0.2587   -14.9626     2.1325     0.3361
    1.0543    -1.6612     1.9722    -1.5964    -1.0085     0.7199     0.2688   -11.9655     2.1359     0.3366
    1.2118    -1.6298     2.0092    -1.5103   -12.4194     0.8633     0.0573   -11.8534     2.2107     0.3889
    1.0635    -1.6556     1.9600    -1.6317    -0.9955     0.7326     0.2879   -13.2038     2.0939     0.3048
    1.0780    -1.6515     1.9689    -1.5986    -1.0348     0.7428     0.2571   -16.9458     2.1324     0.3353
    1.2440    -1.6265     1.9986    -1.5211   -11.5179     0.9162     0.0573   -12.4663     2.1972     0.3751
    1.0519    -1.6694     1.9658    -1.6079    -1.0111     0.7306     0.2710   -11.2763     2.1250     0.3291
    1.0641    -1.6545     1.9694    -1.6016    -1.0122     0.7260     0.2664   -16.9586     2.1318     0.3311
    1.0772    -1.6467     1.9738    -1.5967    -1.0242     0.7364     0.2661   -11.8079     2.1265     0.3321
    1.0595    -1.6617     1.9683    -1.6056    -1.0132     0.7320     0.2699   -12.2580     2.1228     0.3286
    1.0587    -1.6578     1.9681    -1.6001    -1.0132     0.7242     0.2664   -16.7241     2.1347     0.3369
    1.0564    -1.6600     1.9749    -1.5888    -1.0163     0.7199     0.2629   -12.8046     2.1446     0.3440
    1.0498    -1.6720     1.9752    -1.5822    -1.0286     0.7244     0.2497   -11.6421     2.1574     0.3562
    1.2082    -1.6581     2.0032    -1.5161   -12.8462     0.9030     0.0721   -16.5468     2.1861     0.3623
    1.0491    -1.6659     1.9688    -1.5962    -1.0100     0.7190     0.2634   -14.0862     2.1438     0.3439
    1.0538    -1.6553     1.9639    -1.6154    -0.9880     0.7154     0.2839   -13.3418     2.1188     0.3228
    1.0649    -1.6598     1.9679    -1.6093    -1.0122     0.7369     0.2725   -16.8333     2.1182     0.3245
    1.0608    -1.6536     1.9661    -1.6053    -1.0015     0.7205     0.2699   -16.9221     2.1335     0.3338
    1.0587    -1.6596     1.9715    -1.5960    -1.0149     0.7248     0.2641   -14.7898     2.1373     0.3379
    1.0844    -1.6454     1.9668    -1.6170    -1.0212     0.7475     0.2764   -11.4312     2.1011     0.3122
    1.0505    -1.6689     1.9715    -1.5949    -1.0152     0.7268     0.2639   -16.9257     2.1385     0.3405
    1.0645    -1.6559     1.9651    -1.6105    -1.0042     0.7321     0.2725   -15.6366     2.1229     0.3294
    1.0524    -1.6643     1.9673    -1.5996    -1.0147     0.7194     0.2649   -16.6303     2.1386     0.3375
    1.0600    -1.6556     1.9619    -1.6163    -0.9992     0.7262     0.2755   -16.9673     2.1200     0.3225
    1.0678    -1.6577     1.9734    -1.5938    -1.0287     0.7357     0.2605   -16.9200     2.1332     0.3358
    1.0506    -1.6634     1.9647    -1.6061    -1.0061     0.7175     0.2706   -16.9318     2.1323     0.3329
    1.0758    -1.6501     1.9684    -1.6018    -1.0247     0.7375     0.2650   -16.9623     2.1275     0.3327
    1.2985    -1.6274     2.0111    -1.5093   -16.6854     1.0083     0.0440   -15.7737     2.1857     0.3701
    1.0600    -1.6587     1.9769    -1.5870    -1.0193     0.7236     0.2596   -18.3647     2.1446     0.3420
    1.0518    -1.6663     1.9617    -1.6146    -0.9986     0.7259     0.2769   -16.8812     2.1237     0.3282
    1.0586    -1.6604     1.9754    -1.5925    -1.0190     0.7264     0.2684   -16.9437     2.1332     0.3356
    1.0569    -1.6619     1.9668    -1.6051    -1.0121     0.7256     0.2707   -16.8470     2.1284     0.3304
    1.0514    -1.6641     1.9716    -1.5979    -1.0123     0.7171     0.2686   -16.9595     2.1347     0.3313
    1.0533    -1.6594     1.9626    -1.6182    -0.9913     0.7210     0.2823   -16.4057     2.1152     0.3216
    1.0620    -1.6556     1.9684    -1.6012    -1.0133     0.7249     0.2651   -16.7794     2.1338     0.3332
    1.0573    -1.6616     1.9585    -1.6262    -1.0004     0.7302     0.2836   -13.4468     2.1054     0.3135
    1.0504    -1.6549     1.9675    -1.6009    -0.9895     0.7047     0.2709   -11.9449     2.1431     0.3394
    1.2299    -1.6570     2.0210    -1.4982   -13.8496     0.9463     0.0338   -15.6902     2.2101     0.4024
    1.0499    -1.6736     1.9820    -1.5739    -1.0401     0.7275     0.2485   -14.1531     2.1566     0.3561
    1.0714    -1.6549     1.9696    -1.6007    -1.0272     0.7389     0.2630   -16.9480     2.1276     0.3307
    1.0541    -1.6645     1.9822    -1.5745    -1.0313     0.7174     0.2508   -11.3656     2.1594     0.3527
    1.0628    -1.6598     1.9758    -1.5917    -1.0283     0.7303     0.2639   -14.3048     2.1341     0.3312
    1.0580    -1.6555     1.9696    -1.6013    -1.0010     0.7205     0.2715   -16.9402     2.1326     0.3350
    1.0559    -1.6578     1.9629    -1.6181    -0.9932     0.7226     0.2808   -13.1809     2.1160     0.3189
    1.0605    -1.6627     1.9811    -1.5749    -1.0397     0.7269     0.2474   -11.9801     2.1568     0.3546
    1.0455    -1.6703     1.9679    -1.6026    -1.0032     0.7206     0.2723   -16.9540     2.1339     0.3359
    1.0663    -1.6600     1.9693    -1.5994    -1.0270     0.7367     0.2631   -14.3357     2.1314     0.3337
    1.0690    -1.6516     1.9656    -1.6213    -1.0021     0.7364     0.2817   -16.9438     2.1008     0.3112
    1.2040    -1.6926     2.0092    -1.5102   -10.7957     0.9662     0.0131   -16.6508     2.2209     0.4190
    1.0571    -1.6648     1.9789    -1.5785    -1.0356     0.7271     0.2493   -16.9673     2.1535     0.3545
    1.2033    -1.6664     2.0035    -1.5152   -11.8852     0.8960     0.0940   -15.1993     2.1732     0.3471
    1.0633    -1.6589     1.9684    -1.6043    -1.0215     0.7328     0.2683   -16.9491     2.1246     0.3250
    1.0560    -1.6654     1.9826    -1.5737    -1.0369     0.7235     0.2485   -11.3610     2.1566     0.3555
    1.0557    -1.6589     1.9664    -1.6075    -1.0012     0.7227     0.2726   -16.9749     2.1271     0.3296
    1.0563    -1.6582     1.9710    -1.5923    -1.0094     0.7156     0.2611   -13.1505     2.1503     0.3459
    1.0649    -1.6561     1.9769    -1.5851    -1.0303     0.7260     0.2560   -14.2665     2.1468     0.3420
    1.0475    -1.6656     1.9726    -1.5936    -1.0043     0.7156     0.2684   -16.9084     2.1419     0.3420
    1.0629    -1.6613     1.9632    -1.6145    -1.0123     0.7368     0.2707   -11.5620     2.1174     0.3235
    1.0552    -1.6613     1.9709    -1.5920    -1.0154     0.7200     0.2624   -12.3360     2.1467     0.3468
    1.0432    -1.6632     1.9723    -1.5958    -0.9949     0.7047     0.2737   -13.4012     2.1416     0.3373
    1.0568    -1.6587     1.9627    -1.6062    -1.0091     0.7216     0.2679   -11.8505     2.1357     0.3361
    1.0507    -1.6569     1.9655    -1.6039    -0.9904     0.7079     0.2724   -11.3123     2.1417     0.3373
    1.0609    -1.6538     1.9657    -1.5987    -1.0135     0.7183     0.2625   -16.9330     2.1445     0.3436
    1.0618    -1.6580     1.9669    -1.5981    -1.0197     0.7267     0.2587   -11.7433     2.1418     0.3422
    1.0625    -1.6572     1.9748    -1.5899    -1.0157     0.7262     0.2602   -13.7156     2.1432     0.3442
    1.0718    -1.6549     1.9730    -1.5943    -1.0298     0.7383     0.2619   -16.9437     2.1317     0.3366
    1.0489    -1.6648     1.9657    -1.6023    -1.0069     0.7158     0.2675   -16.9717     2.1399     0.3356
    1.0786    -1.6470     1.9620    -1.6288    -1.0044     0.7396     0.2868   -13.9192     2.0939     0.3056
    1.0519    -1.6621     1.9673    -1.5984    -1.0088     0.7179     0.2647   -16.6440     2.1428     0.3422
    1.0529    -1.6584     1.9736    -1.5913    -1.0040     0.7147     0.2658   -16.9367     2.1445     0.3452
    1.0427    -1.6717     1.9644    -1.5977    -1.0143     0.7131     0.2612   -16.8924     2.1497     0.3471
    1.0550    -1.6605     1.9724    -1.5914    -1.0149     0.7197     0.2612   -16.9103     2.1457     0.3431
    1.2261    -1.6557     2.0051    -1.5135   -12.6977     0.9273     0.0598   -16.9449     2.1955     0.3780
    1.0851    -1.6460     1.9664    -1.6174    -1.0153     0.7478     0.2737   -12.5652     2.1066     0.3149
    1.0522    -1.6607     1.9601    -1.6132    -0.9935     0.7191     0.2744   -14.9533     2.1313     0.3344
    1.0517    -1.6601     1.9602    -1.6150    -0.9928     0.7176     0.2754   -11.2415     2.1272     0.3300
    1.0513    -1.6603     1.9638    -1.6049    -0.9983     0.7135     0.2697   -16.9313     2.1409     0.3383
    1.0470    -1.6638     1.9764    -1.5870    -1.0060     0.7090     0.2665   -16.9431     2.1484     0.3445
    1.0702    -1.6553     1.9672    -1.6042    -1.0246     0.7355     0.2647   -16.9359     2.1267     0.3297
    1.0585    -1.6589     1.9595    -1.6139    -1.0055     0.7274     0.2701   -19.1837     2.1276     0.3300
    1.2260    -1.6637     2.0030    -1.5168   -19.7000     0.9427     0.0455   -16.8329     2.2001     0.3898
    1.0548    -1.6665     1.9775    -1.5820    -1.0315     0.7272     0.2535   -16.4854     2.1494     0.3499
    1.0732    -1.6514     1.9708    -1.6027    -1.0166     0.7360     0.2677   -17.2303     2.1248     0.3292
    1.0607    -1.6558     1.9647    -1.6067    -1.0044     0.7257     0.2682   -11.9256     2.1317     0.3349
    1.0503    -1.6658     1.9631    -1.6079    -1.0050     0.7239     0.2711   -11.7798     2.1308     0.3352
    1.0611    -1.6609     1.9644    -1.6171    -1.0047     0.7329     0.2771   -10.8728     2.1128     0.3178
    1.0466    -1.6656     1.9632    -1.6097    -0.9931     0.7158     0.2738   -11.6753     2.1330     0.3330
    1.0546    -1.6596     1.9664    -1.6019    -1.0114     0.7205     0.2682   -14.5834     2.1345     0.3359
    1.0725    -1.6549     1.9715    -1.5944    -1.0338     0.7393     0.2582   -16.9583     2.1342     0.3379
    1.0490    -1.6635     1.9582    -1.6104    -0.9976     0.7152     0.2672   -12.3559     2.1418     0.3405
    1.0809    -1.6458     1.9632    -1.6201    -1.0109     0.7448     0.2749   -13.5827     2.1054     0.3171
    1.0533    -1.6677     1.9686    -1.6026    -1.0153     0.7288     0.2699   -16.7677     2.1287     0.3308
    1.0869    -1.6462     1.9675    -1.6151    -1.0240     0.7487     0.2750   -12.6602     2.1043     0.3138
    1.0489    -1.6631     1.9669    -1.6001    -1.0005     0.7141     0.2675   -16.9455     2.1427     0.3426
    1.0565    -1.6567     1.9651    -1.6089    -0.9972     0.7210     0.2738   -16.9641     2.1284     0.3298
    1.0539    -1.6640     1.9798    -1.5759    -1.0301     0.7148     0.2499   -13.1827     2.1624     0.3561
    1.0572    -1.6615     1.9783    -1.5803    -1.0249     0.7206     0.2524   -12.1634     2.1550     0.3530
    1.0568    -1.6672     1.9814    -1.5743    -1.0413     0.7270     0.2462   -16.9134     2.1579     0.3553
    1.0499    -1.6729     1.9729    -1.5945    -1.0232     0.7288     0.2642   -11.6834     2.1349     0.3357
    1.0528    -1.6631     1.9670    -1.5954    -1.0193     0.7213     0.2595   -13.2159     2.1455     0.3462
    1.0670    -1.6607     1.9664    -1.6130    -1.0260     0.7425     0.2687   -13.2000     2.1131     0.3112
    1.0663    -1.6532     1.9622    -1.6255    -0.9960     0.7357     0.2834   -16.8884     2.1004     0.3133
    1.0732    -1.6596     1.9729    -1.5933    -1.0392     0.7445     0.2565   -13.8952     2.1344     0.3376
    1.0799    -1.6488     1.9639    -1.6266    -1.0113     0.7379     0.2893   -16.9626     2.0943     0.3016
    1.0598    -1.6568     1.9697    -1.6006    -1.0090     0.7244     0.2677   -18.1049     2.1332     0.3339
    1.2771    -1.6386     2.0117    -1.5080   -14.6735     0.9925     0.0322   -16.9639     2.2011     0.3920
    1.2166    -1.6110     2.0110    -1.5094   -14.7133     0.8356     0.0515   -16.9566     2.2195     0.3992
    1.0528    -1.6556     1.9673    -1.6103    -0.9875     0.7134     0.2832   -13.0969     2.1233     0.3247
    1.0575    -1.6561     1.9717    -1.5967    -1.0082     0.7182     0.2692   -16.7556     2.1364     0.3354
    1.0537    -1.6645     1.9727    -1.5928    -1.0153     0.7224     0.2618   -16.9587     2.1422     0.3416
    1.0725    -1.6527     1.9702    -1.6010    -1.0202     0.7363     0.2641   -11.9382     2.1288     0.3320
    1.0461    -1.6666     1.9681    -1.6012    -1.0049     0.7127     0.2710   -12.9870     2.1362     0.3353
    1.0508    -1.6649     1.9701    -1.5904    -1.0224     0.7185     0.2595   -16.9485     2.1493     0.3483
    1.0437    -1.6672     1.9643    -1.6050    -0.9970     0.7104     0.2728   -14.3546     2.1396     0.3369
    1.0695    -1.6536     1.9597    -1.6299    -1.0004     0.7389     0.2835   -16.9429     2.0967     0.3092
    1.0408    -1.6668     1.9623    -1.6080    -0.9988     0.7051     0.2766   -11.2378     2.1373     0.3292
    1.0578    -1.6590     1.9679    -1.5997    -1.0123     0.7222     0.2643   -16.9534     2.1378     0.3381
    1.0493    -1.6700     1.9721    -1.5943    -1.0156     0.7237     0.2643   -14.3924     2.1400     0.3391
    1.0625    -1.6582     1.9682    -1.6060    -1.0125     0.7306     0.2725   -15.4519     2.1228     0.3266
    1.0522    -1.6650     1.9678    -1.6004    -1.0130     0.7215     0.2658   -12.9782     2.1359     0.3368
    1.3085    -1.5932     2.0114    -1.5092   -10.5885     0.9795     0.0337   -16.9632     2.1994     0.3806
    1.1730    -1.6874     2.0077    -1.5124   -12.4572     0.8861     0.0614   -16.6483     2.1962     0.3791
    1.0499    -1.6630     1.9722    -1.5922    -1.0034     0.7136     0.2650   -13.1094     2.1477     0.3464
    1.0567    -1.6584     1.9689    -1.5993    -1.0114     0.7206     0.2673   -11.9051     2.1362     0.3359
    1.0568    -1.6567     1.9694    -1.5999    -1.0033     0.7189     0.2674   -13.0606     2.1374     0.3359
    1.0591    -1.6604     1.9718    -1.5956    -1.0199     0.7262     0.2619   -16.9369     2.1358     0.3362
    1.0523    -1.6620     1.9768    -1.5822    -1.0169     0.7115     0.2573   -14.2211     2.1572     0.3518
    1.0584    -1.6571     1.9795    -1.5825    -1.0198     0.7194     0.2610   -11.9750     2.1466     0.3454
    1.0418    -1.6691     1.9644    -1.6032    -1.0054     0.7088     0.2720   -11.8800     2.1402     0.3354
    1.0892    -1.6341     1.9676    -1.6128    -1.0163     0.7396     0.2762   -16.9449     2.1070     0.3178
    1.3289    -1.5994     2.0147    -1.5052   -13.8960     1.0265     0.0075   -16.9551     2.2127     0.4171
    1.0694    -1.6480     1.9620    -1.6246    -0.9920     0.7317     0.2848   -16.8786     2.1040     0.3158
    1.0470    -1.6745     1.9716    -1.5880    -1.0272     0.7225     0.2536   -16.9245     2.1537     0.3506
    1.0555    -1.6582     1.9691    -1.6008    -1.0071     0.7186     0.2709   -16.9667     2.1335     0.3327
    1.0893    -1.6360     1.9690    -1.6152    -1.0118     0.7432     0.2790   -13.1804     2.1019     0.3149
    1.0562    -1.6657     1.9812    -1.5757    -1.0359     0.7246     0.2488   -13.7709     2.1560     0.3538
    1.0606    -1.6588     1.9732    -1.5896    -1.0238     0.7264     0.2556   -16.9072     2.1465     0.3430
    1.0762    -1.6477     1.9612    -1.6264    -1.0036     0.7392     0.2825   -16.9713     2.0995     0.3108
    1.0679    -1.6571     1.9572    -1.6225    -1.0114     0.7396     0.2725   -13.1758     2.1134     0.3209
    1.0587    -1.6670     1.9779    -1.5786    -1.0428     0.7296     0.2451   -16.6017     2.1568     0.3528
    1.0438    -1.6625     1.9601    -1.6129    -0.9807     0.7089     0.2784   -12.9083     2.1359     0.3357
    1.0511    -1.6659     1.9761    -1.5873    -1.0161     0.7208     0.2627   -16.9550     2.1448     0.3448
    1.0546    -1.6642     1.9677    -1.6061    -1.0099     0.7248     0.2742   -16.9384     2.1252     0.3267
    1.0697    -1.6518     1.9663    -1.6071    -1.0152     0.7324     0.2677   -18.4170     2.1248     0.3286
    1.0702    -1.6539     1.9643    -1.6117    -1.0107     0.7392     0.2674   -14.4524     2.1216     0.3282
    1.0547    -1.6663     1.9763    -1.5834    -1.0342     0.7251     0.2522   -11.6119     2.1497     0.3475
    1.0475    -1.6687     1.9680    -1.5995    -1.0107     0.7203     0.2672   -16.7555     2.1373     0.3386
    1.0427    -1.6690     1.9582    -1.6128    -0.9974     0.7130     0.2713   -16.9054     2.1353     0.3356
    1.0566    -1.6588     1.9648    -1.6065    -1.0010     0.7200     0.2686   -18.2464     2.1351     0.3345
    1.0715    -1.6521     1.9635    -1.6189    -1.0060     0.7396     0.2743   -12.4099     2.1095     0.3186
    1.0483    -1.6680     1.9640    -1.6092    -1.0010     0.7233     0.2719   -16.8790     2.1287     0.3328
    1.0888    -1.6372     1.9657    -1.6185    -1.0135     0.7417     0.2804   -16.9687     2.1024     0.3128
    1.0813    -1.6460     1.9630    -1.6273    -1.0034     0.7430     0.2839   -13.2705     2.0961     0.3085
    1.0563    -1.6625     1.9655    -1.6114    -1.0107     0.7257     0.2773   -16.9495     2.1186     0.3195
    1.0655    -1.6541     1.9603    -1.6246    -1.0021     0.7325     0.2834   -12.9646     2.1041     0.3140
    1.0490    -1.6733     1.9734    -1.5906    -1.0200     0.7270     0.2599   -16.9039     2.1446     0.3438
    1.2533    -1.6199     2.0073    -1.5119   -12.8593     0.9238     0.0261   -12.6923     2.2225     0.4184
    1.0754    -1.6467     1.9651    -1.6183    -1.0118     0.7382     0.2792   -13.7184     2.1026     0.3134
    1.0579    -1.6634     1.9705    -1.5992    -1.0170     0.7280     0.2673   -16.6364     2.1324     0.3332
    1.0470    -1.6705     1.9734    -1.5916    -1.0100     0.7209     0.2639   -16.9352     2.1449     0.3442
    1.0592    -1.6576     1.9659    -1.6063    -1.0092     0.7238     0.2692   -16.9259     2.1285     0.3306
    1.0604    -1.6606     1.9689    -1.5998    -1.0174     0.7296     0.2665   -11.9938     2.1331     0.3354
    1.0507    -1.6589     1.9693    -1.5956    -1.0011     0.7105     0.2661   -16.9557     2.1461     0.3448
    1.0710    -1.6528     1.9723    -1.5976    -1.0197     0.7342     0.2632   -11.8419     2.1316     0.3338
    1.2180    -1.6439     2.0075    -1.5127   -12.1453     0.8957     0.0726   -20.7161     2.1884     0.3591
    1.0556    -1.6552     1.9739    -1.5894    -1.0044     0.7107     0.2650   -16.9400     2.1501     0.3459
    1.0446    -1.6636     1.9695    -1.5981    -0.9968     0.7094     0.2720   -15.4044     2.1404     0.3402
    1.0584    -1.6563     1.9718    -1.5960    -1.0162     0.7215     0.2663   -16.9692     2.1359     0.3325
    1.0561    -1.6565     1.9729    -1.5922    -1.0042     0.7133     0.2644   -13.2508     2.1474     0.3433
    1.0508    -1.6644     1.9690    -1.5962    -1.0101     0.7210     0.2623   -19.3911     2.1431     0.3437
    1.0505    -1.6641     1.9669    -1.6027    -1.0036     0.7180     0.2708   -16.9222     2.1363     0.3357
    1.0517    -1.6580     1.9682    -1.5972    -0.9987     0.7079     0.2645   -16.4928     2.1486     0.3438
    1.0719    -1.6501     1.9564    -1.6319    -1.0010     0.7413     0.2810   -11.6844     2.0972     0.3126
    1.0692    -1.6532     1.9708    -1.5979    -1.0202     0.7309     0.2638   -16.8083     2.1330     0.3362
    1.0625    -1.6591     1.9686    -1.6053    -1.0100     0.7304     0.2698   -16.8308     2.1262     0.3289
    1.1448    -1.6891     1.9868    -1.5326   -16.9444     0.8424     0.1078   -23.3943     2.1735     0.3467
    1.0711    -1.6502     1.9609    -1.6335    -0.9871     0.7396     0.2867   -16.9220     2.0923     0.3095
    1.0493    -1.6692     1.9684    -1.5947    -1.0170     0.7207     0.2604   -16.9293     2.1474     0.3444
    1.0667    -1.6524     1.9608    -1.6310    -0.9860     0.7369     0.2854   -16.9262     2.0970     0.3131
    1.0770    -1.6479     1.9751    -1.5930    -1.0276     0.7378     0.2613   -11.2959     2.1313     0.3357
    1.0449    -1.6682     1.9678    -1.6012    -1.0027     0.7143     0.2715   -11.2688     2.1380     0.3356
    1.0723    -1.6537     1.9671    -1.6061    -1.0204     0.7390     0.2664   -16.6688     2.1233     0.3289
    1.0544    -1.6558     1.9698    -1.5973    -1.0072     0.7140     0.2671   -11.7814     2.1402     0.3360
    1.0538    -1.6555     1.9661    -1.6077    -0.9845     0.7135     0.2751   -11.3554     2.1339     0.3345
    1.0698    -1.6549     1.9651    -1.6088    -1.0151     0.7374     0.2670   -16.9076     2.1243     0.3297
    1.0521    -1.6632     1.9568    -1.6112    -1.0062     0.7208     0.2680   -14.4651     2.1375     0.3399
    1.0446    -1.6705     1.9535    -1.6112    -1.0079     0.7163     0.2623   -11.9588     2.1469     0.3445
    1.0671    -1.6517     1.9715    -1.5981    -1.0127     0.7271     0.2639   -18.1472     2.1345     0.3347
    1.0541    -1.6617     1.9751    -1.5814    -1.0210     0.7135     0.2508   -16.9102     2.1621     0.3582
    1.0516    -1.6616     1.9712    -1.5875    -1.0152     0.7110     0.2583   -11.7909     2.1569     0.3537
    1.0453    -1.6678     1.9757    -1.5889    -1.0072     0.7149     0.2666   -11.9926     2.1453     0.3438
    1.0472    -1.6749     1.9747    -1.5846    -1.0271     0.7257     0.2532   -15.1069     2.1530     0.3524
    1.0461    -1.6750     1.9726    -1.5960    -1.0196     0.7290     0.2682   -16.9699     2.1317     0.3344
    1.0599    -1.6631     1.9683    -1.6014    -1.0207     0.7311     0.2645   -16.9332     2.1328     0.3315
    1.0548    -1.6654     1.9786    -1.5799    -1.0343     0.7223     0.2518   -19.0172     2.1521     0.3498
    1.0607    -1.6575     1.9696    -1.5978    -1.0150     0.7252     0.2639   -16.9677     2.1383     0.3365
    1.0450    -1.6680     1.9628    -1.6153    -0.9945     0.7184     0.2801   -16.8537     2.1206     0.3237
    1.0571    -1.6577     1.9726    -1.5950    -1.0062     0.7195     0.2668   -14.9618     2.1392     0.3394
    1.0519    -1.6676     1.9811    -1.5758    -1.0291     0.7195     0.2515   -16.8834     2.1588     0.3551
    1.0957    -1.6319     1.9715    -1.6113    -1.0198     0.7433     0.2784   -14.4329     2.1022     0.3140
    1.0479    -1.6644     1.9658    -1.6034    -1.0023     0.7134     0.2734   -16.8938     2.1375     0.3357
    1.0471    -1.6675     1.9742    -1.5892    -1.0136     0.7134     0.2632   -13.0964     2.1475     0.3432
    1.0610    -1.6594     1.9623    -1.6212    -1.0025     0.7311     0.2791   -15.4084     2.1087     0.3157
    1.0803    -1.6479     1.9705    -1.5998    -1.0259     0.7407     0.2622   -11.9280     2.1287     0.3337
    1.0543    -1.6623     1.9697    -1.5987    -1.0105     0.7211     0.2680   -14.4984     2.1368     0.3365
    1.0530    -1.6631     1.9679    -1.6031    -1.0031     0.7231     0.2705   -16.1818     2.1323     0.3356
    1.0594    -1.6564     1.9660    -1.6120    -0.9996     0.7239     0.2809   -15.8310     2.1183     0.3235
    1.0527    -1.6685     1.9753    -1.5859    -1.0236     0.7261     0.2563   -11.8406     2.1492     0.3490
    1.0452    -1.6666     1.9694    -1.5942    -1.0057     0.7109     0.2647   -16.9388     2.1490     0.3461
    1.0581    -1.6528     1.9739    -1.5903    -1.0068     0.7134     0.2672   -16.9381     2.1447     0.3450
    1.0550    -1.6594     1.9722    -1.5965    -1.0070     0.7203     0.2700   -16.9687     2.1352     0.3373
    1.0517    -1.6646     1.9607    -1.6124    -1.0011     0.7216     0.2731   -14.2763     2.1304     0.3301
    1.0803    -1.6512     1.9699    -1.5966    -1.0375     0.7457     0.2542   -12.7679     2.1340     0.3379
    1.0699    -1.6514     1.9632    -1.6216    -1.0029     0.7356     0.2802   -16.8209     2.1053     0.3141
    1.0812    -1.6427     1.9645    -1.6238    -1.0067     0.7421     0.2832   -13.0002     2.0953     0.3103
    1.0789    -1.6611     1.9755    -1.5900    -1.0503     0.7486     0.2558   -16.9545     2.1357     0.3355
    1.0601    -1.6552     1.9708    -1.5957    -1.0101     0.7204     0.2639   -16.9293     2.1412     0.3399
    1.2052    -1.6533     2.0095    -1.5097   -11.9632     0.8882     0.0632   -16.9549     2.1993     0.3782
    1.0528    -1.6576     1.9658    -1.6116    -0.9900     0.7152     0.2810   -12.5122     2.1241     0.3249
    1.0879    -1.6368     1.9744    -1.6021    -1.0198     0.7404     0.2718   -19.4224     2.1149     0.3229
    1.1877    -1.6500     2.0051    -1.5147   -12.3979     0.8508     0.0898   -16.8951     2.1842     0.3578
    1.0477    -1.6702     1.9708    -1.5981    -1.0120     0.7217     0.2699   -12.2450     2.1357     0.3340
    1.0713    -1.6497     1.9643    -1.6229    -1.0036     0.7341     0.2834   -16.9527     2.1013     0.3076
    1.0534    -1.6631     1.9636    -1.6124    -1.0045     0.7232     0.2746   -15.6630     2.1232     0.3238
    1.0506    -1.6682     1.9739    -1.5920    -1.0163     0.7248     0.2649   -16.9309     2.1393     0.3407
    1.0676    -1.6545     1.9655    -1.6071    -1.0160     0.7326     0.2687   -16.8175     2.1255     0.3300
    1.0493    -1.6670     1.9784    -1.5821    -1.0210     0.7176     0.2606   -16.9364     2.1504     0.3483
    1.0696    -1.6556     1.9712    -1.5986    -1.0261     0.7377     0.2612   -11.6325     2.1299     0.3314
    1.0936    -1.6322     1.9729    -1.6089    -1.0141     0.7424     0.2776   -11.2307     2.1056     0.3182
    1.0929    -1.6403     1.9669    -1.6201    -1.0182     0.7498     0.2785   -16.9815     2.0987     0.3098
    1.0657    -1.6532     1.9744    -1.5912    -1.0176     0.7260     0.2610   -16.9779     2.1410     0.3403
    1.0508    -1.6605     1.9685    -1.5994    -1.0051     0.7135     0.2721   -11.9601     2.1383     0.3366
    1.0605    -1.6598     1.9615    -1.6278    -0.9916     0.7336     0.2858   -16.9352     2.1004     0.3118
    1.0518    -1.6577     1.9659    -1.6028    -0.9947     0.7100     0.2675   -16.6642     2.1424     0.3393
    1.0443    -1.6654     1.9603    -1.6129    -0.9844     0.7120     0.2778   -16.9224     2.1348     0.3358
    1.0582    -1.6601     1.9834    -1.5703    -1.0381     0.7195     0.2456   -16.9450     2.1624     0.3600
    1.0733    -1.6504     1.9644    -1.6154    -1.0107     0.7382     0.2729   -16.9571     2.1138     0.3201
    1.0778    -1.6399     1.9675    -1.6160    -1.0020     0.7305     0.2826   -13.1885     2.1054     0.3158
    1.0499    -1.6712     1.9683    -1.5977    -1.0211     0.7278     0.2618   -13.1884     2.1387     0.3392
    1.0877    -1.6385     1.9681    -1.6175    -1.0081     0.7432     0.2808   -16.8957     2.1012     0.3148
    1.0541    -1.6613     1.9743    -1.5897    -1.0200     0.7167     0.2617   -11.1002     2.1441     0.3386
    1.0615    -1.6649     1.9695    -1.5950    -1.0338     0.7391     0.2526   -15.6288     2.1397     0.3408
    1.0884    -1.6359     1.9673    -1.6218    -1.0041     0.7440     0.2835   -11.4824     2.0946     0.3109
    1.0454    -1.6766     1.9756    -1.5889    -1.0283     0.7271     0.2621   -16.7591     2.1387     0.3390
    1.0526    -1.6714     1.9658    -1.6077    -1.0194     0.7359     0.2701   -13.9840     2.1214     0.3278
    1.2157    -1.6495     2.0162    -1.5018    -7.6678     0.9010     0.0505   -16.8675     2.2089     0.3999
    1.2029    -1.6528     2.0078    -1.5123   -12.2686     0.8766     0.0770   -15.2362     2.1832     0.3634
    1.0692    -1.6529     1.9625    -1.6142    -1.0137     0.7337     0.2722   -16.7654     2.1171     0.3240
    1.0553    -1.6589     1.9679    -1.6016    -1.0078     0.7186     0.2696   -18.6282     2.1359     0.3322
    1.0558    -1.6669     1.9779    -1.5775    -1.0391     0.7272     0.2458   -11.7058     2.1581     0.3570
    1.0571    -1.6578     1.9761    -1.5869    -1.0173     0.7180     0.2623   -16.9542     2.1455     0.3439
    1.0659    -1.6555     1.9669    -1.6037    -1.0161     0.7315     0.2666   -19.8057     2.1301     0.3334
    1.0542    -1.6627     1.9593    -1.6056    -1.0149     0.7216     0.2634   -13.6140     2.1423     0.3428
    0.4230   -30.7916     2.0062    -1.5153   -14.3378     1.0102     0.4771   -39.3995     1.1571    -0.1441
    1.0545    -1.6606     1.9692    -1.6008    -1.0037     0.7210     0.2711   -11.8657     2.1340     0.3358
    1.0597    -1.6618     1.9677    -1.6109    -1.0065     0.7313     0.2772   -16.9736     2.1174     0.3216
    1.0652    -1.6610     1.9656    -1.6096    -1.0188     0.7369     0.2709   -19.8497     2.1204     0.3256
    1.0781    -1.6457     1.9661    -1.6205    -1.0038     0.7392     0.2819   -14.3147     2.1014     0.3127
    1.0638    -1.6556     1.9682    -1.6046    -1.0068     0.7290     0.2698   -16.8985     2.1287     0.3322
    1.0607    -1.6590     1.9668    -1.5987    -1.0230     0.7275     0.2594   -16.9343     2.1390     0.3398
    1.0544    -1.6676     1.9781    -1.5810    -1.0312     0.7281     0.2520   -11.9263     2.1500     0.3521
    1.0480    -1.6595     1.9733    -1.5935    -0.9987     0.7076     0.2728   -12.3610     2.1424     0.3399
    1.2496    -1.6796     1.9985    -1.5218   -13.9195     1.0111     0.0225    -1.9003     2.1984     0.4104
    1.0523    -1.6634     1.9725    -1.5928    -1.0159     0.7204     0.2631   -16.9697     2.1415     0.3396
    1.1735    -1.6695     2.0087    -1.5098   -11.8945     0.8590     0.0374   -16.7038     2.2272     0.4193
    1.0544    -1.6617     1.9732    -1.5924    -1.0093     0.7200     0.2658   -13.6635     2.1421     0.3433
    1.0620    -1.6590     1.9635    -1.6091    -1.0158     0.7309     0.2684   -14.8993     2.1257     0.3294
    1.0484    -1.6682     1.9771    -1.5834    -1.0176     0.7178     0.2592   -16.9256     2.1515     0.3502
    1.0672    -1.6582     1.9641    -1.6063    -1.0225     0.7366     0.2641   -16.9035     2.1290     0.3328
    1.0464    -1.6589     1.9640    -1.6022    -0.9957     0.7057     0.2689   -16.9747     2.1451     0.3420
    1.0572    -1.6596     1.9776    -1.5804    -1.0243     0.7160     0.2528   -16.9261     2.1584     0.3526
    1.2325    -1.6457     2.0054    -1.5140   -13.1317     0.9271     0.0443   -13.1558     2.2047     0.3925
    1.2800    -1.6333     2.0129    -1.5069   -16.1666     0.9945     0.0269   -16.9620     2.2034     0.3992
    1.0520    -1.6632     1.9805    -1.5803    -1.0196     0.7159     0.2597   -16.8668     2.1501     0.3481
    1.0611    -1.6566     1.9677    -1.6033    -1.0043     0.7252     0.2663   -16.9168     2.1340     0.3352
    1.0685    -1.6535     1.9654    -1.6075    -1.0136     0.7330     0.2690   -13.8806     2.1260     0.3300
    1.0636    -1.6564     1.9791    -1.5805    -1.0269     0.7250     0.2541   -16.9292     2.1513     0.3506
    1.0704    -1.6506     1.9607    -1.6287    -1.0009     0.7366     0.2850   -12.1062     2.0966     0.3076
    1.0861    -1.6505     1.9763    -1.5876    -1.0457     0.7503     0.2520   -16.0297     2.1373     0.3432
    1.0599    -1.6507     1.9624    -1.6151    -0.9871     0.7189     0.2812   -12.6876     2.1225     0.3289
    1.0696    -1.6548     1.9707    -1.5960    -1.0297     0.7352     0.2610   -12.9613     2.1333     0.3370
    1.0696    -1.6467     1.9586    -1.6413    -0.9743     0.7357     0.2924   -12.6650     2.0862     0.3060
    1.0557    -1.6616     1.9609    -1.6126    -1.0058     0.7233     0.2721   -16.9016     2.1276     0.3297
    1.0745    -1.6518     1.9691    -1.6039    -1.0202     0.7398     0.2664   -16.9408     2.1236     0.3299
    1.0691    -1.6507     1.9629    -1.6290    -0.9958     0.7358     0.2860   -16.9446     2.0931     0.3063
    1.0890    -1.6373     1.9696    -1.6149    -1.0170     0.7466     0.2777   -16.9577     2.0989     0.3127
    1.0526    -1.6662     1.9742    -1.5816    -1.0257     0.7186     0.2501   -16.7429     2.1620     0.3597
    1.0739    -1.6502     1.9696    -1.6058    -1.0238     0.7386     0.2718   -12.0191     2.1143     0.3236
    1.0571    -1.6646     1.9697    -1.6032    -1.0184     0.7300     0.2715   -16.9454     2.1239     0.3262
    1.0525    -1.6686     1.9667    -1.6030    -1.0171     0.7285     0.2683   -17.0000     2.1308     0.3337
    1.0703    -1.6568     1.9690    -1.6060    -1.0206     0.7388     0.2675   -13.7532     2.1217     0.3246
    1.0539    -1.6621     1.9689    -1.6020    -1.0028     0.7229     0.2706   -16.9420     2.1330     0.3356
    1.0458    -1.6765     1.9766    -1.5838    -1.0293     0.7269     0.2556   -16.9584     2.1484     0.3491
    1.0527    -1.6580     1.9686    -1.5994    -1.0010     0.7109     0.2692   -11.2541     2.1414     0.3374
    1.0419    -1.6677     1.9584    -1.6098    -0.9958     0.7114     0.2706   -11.8559     2.1410     0.3405
    1.0678    -1.6525     1.9592    -1.6256    -1.0013     0.7351     0.2808   -12.1038     2.1050     0.3138
    1.0466    -1.6626     1.9669    -1.5999    -1.0016     0.7085     0.2702   -15.1607     2.1439     0.3373
    1.2248    -1.6454     2.0114    -1.5090   -15.4908     0.9126     0.0464   -12.1468     2.2072     0.3859
    1.0716    -1.6526     1.9607    -1.6188    -1.0138     0.7374     0.2770   -19.1301     2.1112     0.3201
    1.0458    -1.6698     1.9799    -1.5770    -1.0225     0.7109     0.2572   -14.0863     2.1606     0.3552
    1.0533    -1.6538     1.9709    -1.6012    -0.9978     0.7121     0.2782   -16.9733     2.1294     0.3298
    1.0512    -1.6592     1.9620    -1.6096    -0.9924     0.7145     0.2715   -19.3537     2.1355     0.3357
    1.0707    -1.6518     1.9632    -1.6207    -1.0063     0.7376     0.2803   -16.9351     2.1050     0.3147
    1.0458    -1.6748     1.9472    -1.6202    -1.0156     0.7261     0.2641   -19.3315     2.1378     0.3396
    1.1882    -1.6957     2.0114    -1.5081    -9.3296     0.9333     0.0519   -16.9272     2.1962     0.3783
    1.0671    -1.6557     1.9623    -1.6105    -1.0143     0.7355     0.2672   -11.1540     2.1254     0.3310
    1.0557    -1.6659     1.9704    -1.5988    -1.0196     0.7293     0.2677   -19.1356     2.1304     0.3344
    1.1702    -1.6717     2.0024    -1.5167   -10.5132     0.8527     0.0960   -16.9452     2.1857     0.3528
    1.0552    -1.6551     1.9796    -1.5782    -1.0203     0.7080     0.2619   -11.7944     2.1558     0.3514
    1.0456    -1.6713     1.9684    -1.5966    -1.0133     0.7168     0.2638   -16.9631     2.1457     0.3405
    1.0549    -1.6655     1.9651    -1.6101    -1.0149     0.7274     0.2740   -16.9091     2.1205     0.3235
    1.2175    -1.6602     2.0096    -1.5099   -11.2425     0.9189     0.0763   -16.9350     2.1796     0.3595
    1.0396    -1.6706     1.9626    -1.6069    -0.9974     0.7092     0.2766   -16.9566     2.1380     0.3357
    1.0548    -1.6602     1.9765    -1.5886    -1.0126     0.7173     0.2650   -12.1048     2.1427     0.3415
    1.2033    -1.6670     2.0086    -1.5114   -15.3353     0.9059     0.0906   -12.4009     2.1690     0.3371
    1.0609    -1.6581     1.9645    -1.6235    -1.0006     0.7308     0.2869   -16.9472     2.0993     0.3068
    1.1932    -1.6608     2.0082    -1.5111   -10.7213     0.8775     0.0872   -12.0357     2.1811     0.3543
    1.0637    -1.6509     1.9693    -1.6053    -0.9976     0.7233     0.2716   -14.0111     2.1280     0.3299
    1.0877    -1.6389     1.9664    -1.6209    -1.0140     0.7473     0.2802   -18.6914     2.0946     0.3099
    1.0699    -1.6551     1.9716    -1.6013    -1.0180     0.7355     0.2685   -12.9997     2.1252     0.3290
    1.0535    -1.6622     1.9684    -1.6000    -1.0096     0.7195     0.2687   -16.9520     2.1375     0.3360
    1.0661    -1.6565     1.9626    -1.6166    -1.0046     0.7347     0.2739   -16.9639     2.1173     0.3236
    1.0671    -1.6488     1.9620    -1.6124    -1.0009     0.7255     0.2704   -16.9280     2.1272     0.3305
    1.0545    -1.6604     1.9738    -1.5891    -1.0141     0.7181     0.2610   -16.9553     2.1473     0.3460
    1.0512    -1.6593     1.9670    -1.6064    -0.9953     0.7133     0.2759   -11.5891     2.1308     0.3302
    1.1983    -1.6866     2.0129    -1.5062   -10.9117     0.9371     0.0443   -16.8948     2.2026     0.3946
    1.0610    -1.6632     1.9708    -1.5994    -1.0228     0.7338     0.2649   -15.9921     2.1300     0.3301
    1.1785    -1.6971     2.0000    -1.5193   -10.2462     0.9061     0.0869   -16.8280     2.1746     0.3514
    1.0706    -1.6555     1.9667    -1.6103    -1.0160     0.7405     0.2680   -13.3648     2.1189     0.3229
    1.0478    -1.6681     1.9660    -1.5994    -1.0138     0.7194     0.2677   -16.9550     2.1406     0.3409
    1.0542    -1.6620     1.9644    -1.6009    -1.0139     0.7177     0.2648   -19.9007     2.1430     0.3401
    1.0535    -1.6639     1.9739    -1.5902    -1.0157     0.7210     0.2629   -16.8872     2.1442     0.3437
    1.0725    -1.6505     1.9720    -1.5977    -1.0205     0.7345     0.2647   -14.1174     2.1300     0.3348
    1.0572    -1.6606     1.9726    -1.5970    -1.0139     0.7249     0.2720   -18.7112     2.1307     0.3339
