# time prot0 prot1 prot2
0  0.  0.  0.
1  88.20246355   8.80346941  20.29238125
2  153.0336491    17.41569241   37.56956345
3  203.2126042    25.84082364   52.35967322
4  243.4753615    34.08292747   65.07343963
5  276.6477919    42.14597998   76.03574756
6  304.53839196   50.03387088   85.507416  
7  328.36906205   57.75040539   93.70058201
8  349.00179046   65.29930604  100.78979351
9  367.06638421   72.68421451  106.92015559
10  383.03656317   79.90869336  112.21341229
11  397.27742793   86.97622776  116.77255507
12  410.07623605   93.89022717  120.68536214
13  421.66303119  100.65402699  124.02715031
14  432.22487301  107.27089014  126.86293885
15  441.91589889  113.74400867  129.24916854
16  450.86460083  120.07650529  131.23508067
17  459.17918449  126.27143488  132.86383261
18  466.95159198  132.33178592  134.17340802
19  474.26056679  138.26048201  135.19736511
20  481.17402179  144.06038321  135.96545602
21  487.75089192  149.73428746  136.50414291
22  494.04260431  155.28493192  136.83703102
23  500.09425038  160.71499428  136.98523342
24  505.94553629  166.02709406  136.9676806 
25  511.63155729  171.22379388  136.80138427
26  517.18343444  176.30760069  136.50166328
27  522.62884238  181.28096697  136.08233799
28  527.99244978  186.14629193  135.55589817
29  533.29628939  190.90592267  134.93364864
30  538.56007039  195.56215526  134.22583604
31  543.80144655  200.11723595  133.44176004
32  549.0362411   204.57336215  132.58987006
33  554.2786444   208.93268354  131.67785119
34  559.54138116  213.19730311  130.7126993 
35  564.83585826  217.36927816  129.70078807
36  570.17229243  221.45062131  128.64792827
37  575.55982137  225.44330143  127.55942037
38  581.00660284  229.34924463  126.44010171
39  586.51990111  233.1703352   125.29438858
40  592.10616355  236.90841647  124.12631381
41  597.77108927  240.56529172  122.93956079
42  603.51968973  244.14272509  121.7374938 
43  609.35634308  247.64244235  120.52318549
44  615.2848448   251.06613182  119.29944217
45  621.30844898  254.41544513  118.06882543
46  627.42991068  257.69199801  116.83367326
47  633.65152057  260.89737111  115.596118  
48  639.97513912  264.03311075  114.35810357
49  646.40222576  267.10072964  113.1214005 
50  652.93386713  270.10170763  111.88762001
51  659.57080198  273.03749243  110.65822671
52  666.3134447   275.90950029  109.4345503 
53  673.16190695  278.71911671  108.21779617
54  680.11601763  281.46769707  107.0090552 
55  687.17534158  284.15656732  105.80931276
56  694.3391968   286.7870246   104.61945683
57  701.60667088  289.36033787  103.4402857 
58  708.97663608  291.87774853  102.27251479
59  716.44776377  294.34047101  101.11678314
60  724.01853776  296.74969335   99.97365922
61  731.68726774  299.10657779   98.84364668
62  739.45210039  301.41226132   97.72718893
63  747.3110311   303.66785621   96.62467392
64  755.26191543  305.87445061   95.53643867
65  763.3024787   308.03310898   94.46277286
66  771.43032643  310.1448727    93.40392273
67  779.64295385  312.21076051   92.36009452
68  787.9377543   314.231769     91.33145732
69  796.31202864  316.20887315   90.31814628
70  804.76299316  318.14302671   89.3202652 
71  813.28778738  320.03516277   88.33788892
72  821.88348207  321.88619409   87.37106585
73  830.54708631  323.69701364   86.41981994
74  839.27555468  325.46849498   85.48415275
75  848.06579408  327.20149269   84.56404535
76  856.91466999  328.89684279   83.65945993
77  865.81901295  330.55536313   82.77034151
78  874.77562452  332.17785381   81.89661934
79  883.78128298  333.76509753   81.03820832
80  892.83274903  335.31786      80.1950103 
81  901.92677094  336.83689028   79.36691519
82  911.06008974  338.32292118   78.55380213
83  920.22944429  339.77666957   77.7555406 
84  929.4315758   341.19883675   76.97199129
85  938.66323205  342.5901088    76.20300682
86  947.92117205  343.95115689   75.44843283
87  957.20217009  345.28263758   74.70810868
88  966.50301949  346.58519322   73.98186804
89  975.8205364   347.85945216   73.26953965
90  985.15156339  349.10602912   72.57094793
91  994.49297276  350.32552547   71.88591358
92  1003.84166959   351.5185295     71.21425397
93  1013.19459494   352.68561673    70.55578373
94  1022.54872859   353.82735018    69.91031526
95  1031.90109164   354.94428063    69.27765902
96  1041.248749     356.03694691    68.65762396
97  1050.58881174   357.10587612    68.05001795
98  1059.9184393    358.15158394    67.45464804
99  1069.23484158   359.17457481    66.87132074
100  1078.53528068   360.17534226    66.29984239
101  1087.81707274   361.15436904    65.74001937
102  1097.07758937   362.11212747    65.19165835
103  1106.31425917   363.04907957    64.65456647
104  1115.52456901   363.96567734    64.12855161
105  1124.70606523   364.86236296    63.61342256
106  1133.85635467   365.739569      63.10898913
107  1142.9731056    366.59771862    62.61506238
108  1152.05404845   367.43722582    62.13145473
109  1161.09697657   368.25849558    61.65798007
110  1170.09974675   369.06192409    61.1944539 
111  1179.06027969   369.84789894    60.74069347
112  1187.97656033   370.61679928    60.29651783
113  1196.8466381    371.36899604    59.86174797
114  1205.66862711   372.1048521     59.43620672
115  1214.44070614   372.82472243    59.01971904
116  1223.16111866   373.52895431    58.612112  
117  1231.82817265   374.21788747    58.21321482
118  1240.44024055   374.89185426    57.82285891
119  1248.99575888   375.55117981    57.4408779 
120  1257.49322787   376.19618218    57.06710773
121  1265.93121114   376.82717253    56.70138666
122  1274.30833511   377.44445526    56.34355528
123  1282.62328855   378.04832814    55.99345649
124  1290.87482195   378.63908251    55.65093558
125  1299.06174687   379.21700334    55.31584023
126  1307.18293522   379.78236942    54.9880205 
127  1315.23731841   380.33545351    54.66732883
128  1323.22388661   380.8765224     54.35362004
129  1331.14168796   381.40583713    54.04675135
130  1338.98982759   381.92365303    53.74658237
131  1346.76746679   382.43021991    53.45297506
132  1354.47382207   382.92578213    53.16579376
133  1362.10816413   383.41057878    52.88490516
134  1369.66981688   383.88484371    52.61017827
135  1377.15815646   384.34880571    52.34148447
136  1384.57260995   384.80268862    52.07869739
137  1391.91265449   385.24671138    51.82169296
138  1399.17781624   385.6810882     51.57034939
139  1406.36766917   386.10602862    51.32454712
140  1413.48183399   386.52173765    51.08416883
141  1420.51997698   386.92841582    50.84909937
142  1427.48180891   387.32625932    50.61922577
143  1434.36708394   387.71546008    50.39443721
144  1441.17559841   388.09620584    50.17462502
145  1447.90718959   388.46868029    49.95968256
146  1454.56173474   388.83306311    49.74950531
147  1461.13914994   389.18953009    49.54399077
148  1467.63938896   389.53825318    49.34303846
149  1474.06244219   389.87940062    49.1465499 
150  1480.40833526   390.21313698    48.95442855
151  1486.67712765   390.53962326    48.76657977
152  1492.86891224   390.85901695    48.58291083
153  1498.98381398   391.17147214    48.40333087
154  1505.02198877   391.47713956    48.22775089
155  1510.98362248   391.77616667    48.05608367
156  1516.86892948   392.06869772    47.88824379
157  1522.67815177   392.35487383    47.72414755
158  1528.41155816   392.63483305    47.563713  
159  1534.06944315   392.90871045    47.40685986
160  1539.65212592   393.17663813    47.25350954
161  1545.15994934   393.43874537    47.10358507
162  1550.5932786    393.69515859    46.95701109
163  1555.95250057   393.94600149    46.81371379
164  1561.23802302   394.19139509    46.67362093
165  1566.45027351   394.43145775    46.5366618 
166  1571.58969859   394.66630531    46.40276717
167  1576.65676278   394.89605104    46.27186929
168  1581.6519473    395.12080578    46.14390182
169  1586.57574976   395.34067794    46.01879986
170  1591.42868323   395.55577361    45.89649986
171  1596.21127538   395.76619655    45.77693966
172  1600.92406764   395.97204826    45.66005843
173  1605.56761445   396.17342805    45.54579664
174  1610.14248231   396.37043308    45.43409601
175  1614.64924933   396.56315837    45.32489958
176  1619.0885044    396.75169689    45.21815155
177  1623.46084649   396.93613961    45.1137974 
178  1627.766884     397.1165755     45.01178373
179  1632.00723387   397.29309161    44.91205835
180  1636.18252094   397.46577308    44.81457016
181  1640.2933776    397.63470322    44.7192692 
182  1644.34044305   397.79996353    44.6261066 
183  1648.32436272   397.96163372    44.53503455
184  1652.24578768   398.1197918     44.4460063 
185  1656.10537393   398.27451405    44.35897611
186  1659.90378203   398.42587512    44.27389925
187  1663.64167657   398.57394802    44.19073197
188  1667.31972564   398.71880419    44.10943149
189  1670.93860036   398.8605135     44.02995597
190  1674.49897437   398.99914433    43.9522645 
191  1678.00152334   399.13476355    43.87631706
192  1681.44692459   399.26743657    43.80207451
193  1684.83585667   399.39722741    43.7294986 
194  1688.168999     399.52419867    43.65855192
195  1691.44703137   399.64841161    43.58919788
196  1694.67063351   399.76992616    43.5214007 
197  1697.84048489   399.88880092    43.45512541
198  1700.95726432   400.00509325    43.39033782
199  1704.02164962   400.11885925    43.32700447
200  1707.03431727   400.2301538     43.26509268
201  1709.99594199   400.33903058    43.20457049
202  1712.90719666   400.44554214    43.14540664
203  1715.76875196   400.54973983    43.08757058
204  1718.5812761    400.65167394    43.03103243
205  1721.34543454   400.75139363    42.975763  
206  1724.06188963   400.84894702    42.92173373
207  1726.73130061   400.94438115    42.86891672
208  1729.35432328   401.03774208    42.81728468
209  1731.93160984   401.12907484    42.76681093
210  1734.46380858   401.21842348    42.7174694 
211  1736.95156365   401.30583111    42.66923459
212  1739.3955151    401.39133991    42.62208159
213  1741.79629858   401.47499111    42.57598604
214  1744.15454523   401.55682508    42.53092413
215  1746.47088143   401.63688128    42.48687257
216  1748.74592864   401.71519835    42.44380862
217  1750.98030346   401.79181406    42.40171003
218  1753.17461736   401.86676537    42.36055506
219  1755.32947654   401.94008844    42.32032246
220  1757.44548224   402.01181863    42.28099146
221  1759.52322962   402.08199056    42.24254174
222  1761.56330873   402.15063808    42.20495347
223  1763.56630398   402.21779431    42.16820723
224  1765.53279413   402.28349163    42.13228407
225  1767.46335203   402.34776174    42.09716545
226  1769.35854475   402.41063566    42.06283325
227  1771.21893355   402.4721437     42.02926976
228  1773.04507379   402.53231554    41.99645767
229  1774.83751487   402.59118021    41.96438006
230  1776.59680013   402.6487661     41.9330204 
231  1778.32346677   402.70510098    41.90236252
232  1780.0180459    402.76021204    41.87239064
233  1781.68106244   402.81412586    41.84308929
234  1783.31303505   402.86686846    41.81444339
235  1784.91447617   402.91846529    41.78643816
236  1786.48589265   402.96894124    41.75905921
237  1788.02778496   403.01832063    41.73229245
238  1789.54064717   403.06662729    41.70612409
239  1791.02496699   403.11388454    41.68054068
240  1792.48122584   403.16011519    41.65552903
241  1793.90989918   403.20534155    41.63107628
242  1795.3114569    403.24958539    41.60716989
243  1796.68636217   403.29286807    41.58379756
244  1798.03507193   403.33521048    41.56094728
245  1799.35803691   403.37663304    41.5386073 
246  1800.65570162   403.41715576    41.51676615
247  1801.92850508   403.45679817    41.49541261
248  1803.17688005   403.49557937    41.47453574
249  1804.40125307   403.53351808    41.45412483
250  1805.60204461   403.57063261    41.43416939
251  1806.77966905   403.60694088    41.41465918
252  1807.93453501   403.6424604     41.39558421
253  1809.06704557   403.67720829    41.3769347 
254  1810.17759763   403.71120131    41.35870111
255  1811.26658219   403.74445585    41.34087409
256  1812.33438442   403.77698798    41.3234445 
257  1813.38138371   403.8088134     41.30640342
258  1814.40795421   403.83994743    41.28974215
259  1815.41446422   403.87040509    41.27345215
260  1816.40127633   403.90020107    41.25752512
261  1817.36874747   403.92934974    41.24195288
262  1818.31722904   403.95786519    41.22672748
263  1819.24706685   403.98576121    41.21184112
264  1820.15860155   404.01305125    41.19728619
265  1821.05216893   404.03974842    41.1830553 
266  1821.92809908   404.06586561    41.16914117
267  1822.78671679   404.09141542    41.15553671
268  1823.62834163   404.11641018    41.14223497
269  1824.453288     404.14086197    41.12922916
270  1825.26186518   404.16478259    41.11651264
271  1826.05437773   404.18818357    41.10407894
272  1826.83112518   404.21107617    41.09192174
273  1827.59240206   404.23347144    41.08003484
274  1828.338498     404.25538019    41.0684122 
275  1829.06969784   404.27681299    41.0570479 
276  1829.78628164   404.29778019    41.04593613
277  1830.48852479   404.31829194    41.03507125
278  1831.17669826   404.33835808    41.02444774
279  1831.85106832   404.35798828    41.01406022
280  1832.51189672   404.37719204    41.00390341
281  1833.15944072   404.3959786     40.99397214
282  1833.7939532    404.41435705    40.98426135
283  1834.41568269   404.43233627    40.97476613
284  1835.02487351   404.44992492    40.96548164
285  1835.6217658    404.46713146    40.9564032 
286  1836.20659547   404.4839642     40.9475262 
287  1836.77959436   404.50043126    40.93884615
288  1837.34099024   404.51654058    40.93035863
289  1837.89100688   404.53229996    40.92205934
290  1838.42986414   404.54771699    40.91394408
291  1838.95777797   404.56279911    40.90600874
292  1839.47496048   404.57755357    40.89824932
293  1839.98162005   404.5919875     40.89066189
294  1840.47796133   404.60610787    40.88324261
295  1840.96418535   404.61992148    40.87598773
296  1841.44048952   404.63343502    40.86889357
297  1841.90706766   404.64665501    40.86195655
298  1842.36411006   404.65958779    40.85517317
299  1842.81180362   404.67223962    40.84854002
300  1843.25033184   404.68461659    40.84205374
301  1843.6798749    404.69672468    40.83571106
302  1844.1006097    404.70856974    40.82950877
303  1844.51270992   404.72015748    40.82344375
304  1844.91634605   404.7314935     40.81751293
305  1845.31168542   404.74258328    40.81171333
306  1845.69889222   404.75343215    40.80604202
307  1846.07812765   404.76404537    40.80049614
308  1846.44954994   404.77442803    40.79507291
309  1846.81331439   404.78458515    40.7897696 
310  1847.16957342   404.79452163    40.78458354
311  1847.51847658   404.80424223    40.77951214
312  1847.86017068   404.81375163    40.77455285
313  1848.1947997    404.82305442    40.76970319
314  1848.52250485   404.83215512    40.76496069
315  1848.84342477   404.84105813    40.76032298
316  1849.15769545   404.84976772    40.75578772
317  1849.4654503    404.85828812    40.75135263
318  1849.76682021   404.86662341    40.7470155 
319  1850.06193356   404.87477763    40.74277415
320  1850.3509163    404.88275469    40.73862646
321  1850.63389197   404.89055845    40.73457034
322  1850.91098179   404.89819269    40.73060375
323  1851.18230462   404.90566107    40.72672471
324  1851.44797705   404.91296722    40.72293128
325  1851.70811342   404.92011465    40.71922155
326  1851.96282587   404.92710682    40.71559366
327  1852.21222438   404.93394708    40.71204581
328  1852.45641679   404.94063875    40.70857621
329  1852.6955089    404.94718504    40.70518314
330  1852.92960445   404.95358913    40.70186488
331  1853.15880518   404.95985409    40.69861979
332  1853.38321084   404.96598296    40.69544624
333  1853.60291927   404.97197869    40.69234264
334  1853.81802639   404.97784417    40.68930745
335  1854.02862629   404.98358222    40.68633916
336  1854.2348112    404.98919562    40.68343627
337  1854.4366715    404.99468706    40.68059734
338  1854.6342957    405.00005921    40.67782096
339  1854.82777066   405.00531466    40.67510574
340  1855.01718149   405.01045594    40.67245032
341  1855.20261165   405.01548553    40.66985338
342  1855.38414291   405.02040586    40.66731362
343  1855.56185541   405.02521929    40.66482978
344  1855.73582771   405.02992816    40.66240063
345  1855.90613683   405.03453474    40.66002495
346  1856.07285838   405.03904124    40.65770155
347  1856.23606637   405.04344984    40.65542929
348  1856.39583334   405.04776268    40.65320703
349  1856.55223038   405.05198182    40.65103366
350  1856.70532716   405.0561093     40.64890811
351  1856.85519198   405.06014712    40.64682932
352  1857.00189175   405.06409722    40.64479626
353  1857.14549205   405.06796151    40.6428079 
354  1857.28605715   405.07174185    40.64086328
355  1857.42365001   405.07544007    40.63896141
356  1857.55833235   405.07905794    40.63710136
357  1857.69016465   405.08259723    40.6352822 
358  1857.81920614   405.08605962    40.63350303
359  1857.94551491   405.0894468     40.63176296
360  1858.06914782   405.0927604     40.63006114
361  1858.19016063   405.096002      40.62839671
362  1858.30860791   405.09917319    40.62676886
363  1858.42454316   405.10227549    40.62517678
364  1858.53801879   405.10531039    40.62361967
365  1858.64908611   405.10827937    40.62209676
366  1858.75779543   405.11118384    40.6206073 
367  1858.86419598   405.11402522    40.61915056
368  1858.96833601   405.11680488    40.6177258 
369  1859.0702628    405.11952414    40.61633233
370  1859.17002275   405.12218434    40.61496946
371  1859.26766122   405.12478674    40.61363651
372  1859.3632227    405.12733261    40.61233281
373  1859.45675072   405.12982318    40.61105773
374  1859.54828794   405.13225964    40.60981064
375  1859.63787616   405.13464316    40.60859092
376  1859.72555632   405.13697491    40.60739796
377  1859.8113685    405.13925601    40.60623118
378  1859.89535196   405.14148755    40.60508999
379  1859.97754516   405.14367061    40.60397384
380  1860.05798576   405.14580625    40.60288218
381  1860.13671066   405.1478955     40.60181446
382  1860.213756     405.14993936    40.60077015
383  1860.28915715   405.15193883    40.59974875
384  1860.36294877   405.15389485    40.59874974
385  1860.43516478   405.15580839    40.59777264
386  1860.50583842   405.15768034    40.59681697
387  1860.57500224   405.15951163    40.59588225
388  1860.64268815   405.16130314    40.59496802
389  1860.70892738   405.16305573    40.59407383
390  1860.77375049   405.16477024    40.59319924
391  1860.83718742   405.16644751    40.59234382
392  1860.89926748   405.16808835    40.59150714
393  1860.96001935   405.16969354    40.59068879
394  1861.01947112   405.17126385    40.58988838
395  1861.0776503    405.17280006    40.5891055 
396  1861.1345838    405.17430289    40.58833978
397  1861.19029799   405.17577307    40.58759083
398  1861.2448188    405.17721131    40.58685828
399  1861.29817155   405.17861831    40.58614178
400  1861.35038102   405.17999474    40.58544097
401  1861.40147146   405.18134127    40.58475551
402  1861.45146663   405.18265855    40.58408506
403  1861.50038979   405.18394722    40.58342928
404  1861.5482637    405.18520789    40.58278787
405  1861.59511064   405.18644118    40.5821605 
406  1861.64095244   405.18764767    40.58154686
407  1861.68581046   405.18882795    40.58094666
408  1861.72970566   405.18998258    40.58035959
409  1861.77265853   405.19111214    40.57978538
410  1861.81468915   405.19221716    40.57922373
411  1861.85581714   405.19329817    40.57867437
412  1861.89606172   405.1943557     40.57813703
413  1861.93544172   405.19539026    40.57761145
414  1861.97397554   405.19640234    40.57709736
415  1862.01168122   405.19739244    40.57659453
416  1862.0485764    405.19836102    40.5761027 
417  1862.08467835   405.19930856    40.57562162
418  1862.12000402   405.20023552    40.57515107
419  1862.15457001   405.20114234    40.57469082
420  1862.18839252   405.20202946    40.57424063
421  1862.22148742   405.20289731    40.57380028
422  1862.25387026   405.20374631    40.57336956
423  1862.28555623   405.20457687    40.57294827
424  1862.31656022   405.20538938    40.57253618
425  1862.34689677   405.20618424    40.5721331 
426  1862.37658015   405.20696183    40.57173884
427  1862.40562428   405.20772253    40.5713532 
428  1862.43404287   405.2084667     40.57097599
429  1862.46184935   405.20919471    40.57060702
430  1862.48905681   405.2099069     40.57024612
431  1862.51567807   405.21060362    40.5698931 
432  1862.54172568   405.21128521    40.56954781
433  1862.56721193   405.21195199    40.56921005
434  1862.59214883   405.21260428    40.56887968
435  1862.61654817   405.2132424     40.56855653
436  1862.64042144   405.21386667    40.56824044
437  1862.66378013   405.21447737    40.56793125
438  1862.68663478   405.2150748     40.56762882
439  1862.70899654   405.21565925    40.567333  
440  1862.73087598   405.216231      40.56704364
441  1862.75228342   405.21679034    40.56676061
442  1862.77322899   405.21733752    40.56648375
443  1862.7937226    405.21787282    40.56621294
444  1862.81377394   405.21839649    40.56594805
445  1862.8333925    405.21890879    40.56568894
446  1862.85258754   405.21940995    40.56543549
447  1862.87136817   405.21990023    40.56518758
448  1862.88974329   405.22037985    40.56494508
449  1862.90772166   405.22084906    40.56470788
450  1862.92531181   405.22130807    40.56447585
451  1862.94252208   405.22175712    40.56424889
452  1862.95936063   405.22219641    40.56402689
453  1862.97583544   405.22262616    40.56380973
454  1862.99195433   405.22304657    40.56359731
455  1863.00772493   405.22345785    40.56338953
456  1863.02315472   405.22386019    40.56318629
457  1863.038251     405.22425379    40.56298748
458  1863.05302092   405.22463884    40.56279301
459  1863.0674715    405.22501553    40.56260279
460  1863.08160965   405.22538402    40.56241672
461  1863.09544209   405.22574452    40.56223471
462  1863.10897542   405.22609718    40.56205668
463  1863.12221606   405.22644217    40.56188253
464  1863.13517033   405.22677968    40.56171218
465  1863.14784441   405.22710985    40.56154555
466  1863.16024433   405.22743284    40.56138255
467  1863.17237604   405.22774882    40.56122311
468  1863.18424534   405.22805794    40.56106715
469  1863.19585791   405.22836034    40.56091459
470  1863.20721933   405.22865618    40.56076536
471  1863.21833493   405.22894559    40.56061939
472  1863.22920993   405.22922871    40.56047659
473  1863.23984954   405.22950567    40.56033692
474  1863.25025882   405.22977662    40.56020029
475  1863.26044274   405.23004169    40.56006664
476  1863.27040619   405.23030099    40.55993591
477  1863.28015392   405.23055466    40.55980803
478  1863.28969063   405.23080282    40.55968294
479  1863.29902089   405.23104559    40.55956058
480  1863.30814921   405.23128309    40.55944088
481  1863.31708      405.23151543    40.55932379
482  1863.32581749   405.23174273    40.55920925
483  1863.33436573   405.23196509    40.55909721
484  1863.34272879   405.23218262    40.55898762
485  1863.35091066   405.23239542    40.55888041
486  1863.35891526   405.2326036     40.55877555
487  1863.36674643   405.23280725    40.55867297
488  1863.37440791   405.23300648    40.55857262
489  1863.3819034    405.23320138    40.55847447
490  1863.3892365    405.23339205    40.55837845
491  1863.39641074   405.23357857    40.55828453
492  1863.4034296    405.23376105    40.55819265
493  1863.41029646   405.23393956    40.55810277
494  1863.4170145    405.2341142     40.55801486
495  1863.4235869    405.23428504    40.55792886
496  1863.43001681   405.23445217    40.55784473
497  1863.43630731   405.23461567    40.55776244
498  1863.44246142   405.23477561    40.55768194
499  1863.44848209   405.23493208    40.5576032 
500  1863.45437223   405.23508515    40.55752618
501  1863.46013468   405.23523489    40.55745083
502  1863.46577222   405.23538139    40.55737713
503  1863.47128758   405.2355247     40.55730503
504  1863.47668345   405.2356649     40.5572345 
505  1863.48196236   405.23580205    40.5571655 
506  1863.48712677   405.23593623    40.55709801
507  1863.49217915   405.23606749    40.55703199
508  1863.49712194   405.23619589    40.55696741
509  1863.5019575    405.23632151    40.55690424
510  1863.50668815   405.2364444     40.55684244
511  1863.51131619   405.23656461    40.55678199
512  1863.51584383   405.23668222    40.55672286
513  1863.52027328   405.23679727    40.55666502
514  1863.52460667   405.23690982    40.55660843
515  1863.52884611   405.23701993    40.55655308
516  1863.53299363   405.23712765    40.55649893
517  1863.53705109   405.23723302    40.55644597
518  1863.54102044   405.23733611    40.55639415
519  1863.54490357   405.23743695    40.55634347
520  1863.54870236   405.2375356     40.55629389
521  1863.55241864   405.23763211    40.5562454 
522  1863.55605419   405.23772651    40.55619796
523  1863.55961079   405.23781886    40.55615155
524  1863.56309016   405.23790921    40.55610616
525  1863.56649399   405.23799759    40.55606176
526  1863.56982395   405.23808405    40.55601832
527  1863.57308168   405.23816864    40.55597583
528  1863.5762688    405.23825139    40.55593426
529  1863.57938687   405.23833234    40.5558936 
530  1863.58243748   405.23841155    40.55585381
531  1863.58542211   405.23848903    40.55581489
532  1863.58834197   405.23856484    40.55577682
533  1863.59119842   405.238639      40.55573958
534  1863.59399282   405.23871155    40.55570315
535  1863.59672651   405.23878252    40.55566751
536  1863.59940082   405.23885194    40.55563265
537  1863.60201703   405.23891986    40.55559855
538  1863.6045764    405.2389863     40.55556519
539  1863.60708018   405.2390513     40.55553256
540  1863.60952959   405.23911488    40.55550064
541  1863.61192581   405.23917708    40.55546941
542  1863.61427003   405.23923794    40.55543886
543  1863.6165634    405.23929747    40.55540898
544  1863.61880704   405.23935571    40.55537975
545  1863.62100208   405.23941269    40.55535115
546  1863.62314961   405.23946843    40.55532317
547  1863.62525054   405.23952297    40.5552958 
548  1863.62730582   405.23957631    40.55526903
549  1863.62931642   405.2396285     40.55524284
550  1863.63128333   405.23967956    40.55521722
551  1863.63320747   405.2397295     40.55519216
552  1863.63508978   405.23977836    40.55516765
553  1863.63693118   405.23982615    40.55514367
554  1863.63873254   405.23987291    40.55512021
555  1863.64049476   405.23991865    40.55509726
556  1863.64221868   405.23996339    40.55507481
557  1863.64390515   405.24000716    40.55505286
558  1863.645555     405.24004999    40.55503138
559  1863.64716905   405.24009188    40.55501036
560  1863.6487481    405.24013286    40.5549898 
561  1863.65029294   405.24017296    40.55496969
562  1863.65180428   405.24021218    40.55495002
563  1863.65328274   405.24025056    40.55493078
564  1863.65472905   405.24028809    40.55491195
565  1863.6561439    405.24032482    40.55489353
566  1863.65752797   405.24036074    40.55487552
567  1863.65888194   405.24039588    40.5548579 
568  1863.66020645   405.24043026    40.55484066
569  1863.66150216   405.24046388    40.5548238 
570  1863.6627697    405.24049678    40.55480731
571  1863.66400968   405.24052896    40.55479117
572  1863.66522272   405.24056045    40.55477539
573  1863.66640943   405.24059125    40.55475994
574  1863.66757038   405.24062138    40.55474484
575  1863.66870616   405.24065086    40.55473006
576  1863.66981735   405.2406797     40.5547156 
577  1863.67090448   405.24070791    40.55470146
578  1863.67196797   405.24073552    40.55468762
579  1863.67300833   405.24076252    40.55467409
580  1863.67402607   405.24078894    40.55466085
581  1863.67502168   405.24081478    40.5546479 
582  1863.67599563   405.24084006    40.55463523
583  1863.6769484    405.24086479    40.55462283
584  1863.67788044   405.24088898    40.55461071
585  1863.67879222   405.24091265    40.55459885
586  1863.67968418   405.2409358     40.55458725
587  1863.68055675   405.24095845    40.5545759 
588  1863.68141037   405.2409806     40.55456479
589  1863.68224545   405.24100228    40.55455393
590  1863.68306241   405.24102348    40.55454331
591  1863.68386165   405.24104423    40.55453291
592  1863.68464358   405.24106453    40.55452274
593  1863.68540852   405.24108438    40.55451279
594  1863.68615681   405.24110381    40.55450306
595  1863.68688883   405.24112281    40.55449354
596  1863.68760492   405.2411414     40.55448423
597  1863.68830543   405.24115958    40.55447512
598  1863.6889907    405.24117737    40.55446621
599  1863.68966106   405.24119477    40.55445749
